,Helper_lipid,P_charged_centers,N_charged_centers,cLogP,cTPSA,Hbond_D,Hbond_A,Total_Carbon_Tails,Double_bonds,NP_ratio,Dlin-MC3_Helper lipid_ratio,Dlin-MC3+Helper lipid percentage,Chol_DMG-PEG_ratio,Cell_Type,Scaled_Predicted_Values,RLU_Predicted_Values
29,18PG,0.0,1.0,9.3028,149.0,3.0,10.0,36.0,1.0,5,30,50,400,HEK293,0.7055317533979931,9.380020267391483
32,18PG,0.0,1.0,9.3028,149.0,3.0,10.0,36.0,1.0,5,30,70,75,HEK293,0.784389561678493,10.288383360974562
33,18PG,0.0,1.0,9.3028,149.0,3.0,10.0,36.0,1.0,5,30,70,200,HEK293,0.784389561678493,10.288383360974562
34,18PG,0.0,1.0,9.3028,149.0,3.0,10.0,36.0,1.0,5,30,70,300,HEK293,0.784389561678493,10.288383360974562
35,18PG,0.0,1.0,9.3028,149.0,3.0,10.0,36.0,1.0,5,30,70,400,HEK293,0.7079216081700319,9.407549004510598
44,18PG,0.0,1.0,9.3028,149.0,3.0,10.0,36.0,1.0,5,75,50,75,HEK293,0.7341192660462583,9.70931982558685
45,18PG,0.0,1.0,9.3028,149.0,3.0,10.0,36.0,1.0,5,75,50,200,HEK293,0.7341192660462583,9.70931982558685
46,18PG,0.0,1.0,9.3028,149.0,3.0,10.0,36.0,1.0,5,75,50,300,HEK293,0.7341192660462583,9.70931982558685
50,18PG,0.0,1.0,9.3028,149.0,3.0,10.0,36.0,1.0,5,75,70,75,HEK293,0.8568807832333731,11.123409742065224
51,18PG,0.0,1.0,9.3028,149.0,3.0,10.0,36.0,1.0,5,75,70,200,HEK293,0.8568807832333731,11.123409742065224
52,18PG,0.0,1.0,9.3028,149.0,3.0,10.0,36.0,1.0,5,75,70,300,HEK293,0.8568807832333731,11.123409742065224
68,18PG,0.0,1.0,9.3028,149.0,3.0,10.0,36.0,1.0,5,125,70,75,HEK293,0.7949162062820749,10.409639780163221
69,18PG,0.0,1.0,9.3028,149.0,3.0,10.0,36.0,1.0,5,125,70,200,HEK293,0.7949162062820749,10.409639780163221
70,18PG,0.0,1.0,9.3028,149.0,3.0,10.0,36.0,1.0,5,125,70,300,HEK293,0.7949162062820749,10.409639780163221
86,18PG,0.0,1.0,9.3028,149.0,3.0,10.0,36.0,1.0,5,150,70,75,HEK293,0.7949162062820749,10.409639780163221
87,18PG,0.0,1.0,9.3028,149.0,3.0,10.0,36.0,1.0,5,150,70,200,HEK293,0.7949162062820749,10.409639780163221
88,18PG,0.0,1.0,9.3028,149.0,3.0,10.0,36.0,1.0,5,150,70,300,HEK293,0.7949162062820749,10.409639780163221
101,18PG,0.0,1.0,9.3028,149.0,3.0,10.0,36.0,1.0,5,175,50,400,HEK293,0.7079254899311734,9.407593718517187
104,18PG,0.0,1.0,9.3028,149.0,3.0,10.0,36.0,1.0,5,175,70,75,HEK293,0.7587414331591772,9.992942568560562
105,18PG,0.0,1.0,9.3028,149.0,3.0,10.0,36.0,1.0,5,175,70,200,HEK293,0.7587414331591772,9.992942568560562
106,18PG,0.0,1.0,9.3028,149.0,3.0,10.0,36.0,1.0,5,175,70,300,HEK293,0.7587414331591772,9.992942568560562
137,18PG,0.0,1.0,9.3028,149.0,3.0,10.0,36.0,1.0,6,30,50,400,HEK293,0.7055317533979931,9.380020267391483
140,18PG,0.0,1.0,9.3028,149.0,3.0,10.0,36.0,1.0,6,30,70,75,HEK293,0.784389561678493,10.288383360974562
141,18PG,0.0,1.0,9.3028,149.0,3.0,10.0,36.0,1.0,6,30,70,200,HEK293,0.784389561678493,10.288383360974562
142,18PG,0.0,1.0,9.3028,149.0,3.0,10.0,36.0,1.0,6,30,70,300,HEK293,0.784389561678493,10.288383360974562
143,18PG,0.0,1.0,9.3028,149.0,3.0,10.0,36.0,1.0,6,30,70,400,HEK293,0.7079216081700319,9.407549004510598
152,18PG,0.0,1.0,9.3028,149.0,3.0,10.0,36.0,1.0,6,75,50,75,HEK293,0.7341192660462583,9.70931982558685
153,18PG,0.0,1.0,9.3028,149.0,3.0,10.0,36.0,1.0,6,75,50,200,HEK293,0.7341192660462583,9.70931982558685
154,18PG,0.0,1.0,9.3028,149.0,3.0,10.0,36.0,1.0,6,75,50,300,HEK293,0.7341192660462583,9.70931982558685
158,18PG,0.0,1.0,9.3028,149.0,3.0,10.0,36.0,1.0,6,75,70,75,HEK293,0.8568807832333731,11.123409742065224
159,18PG,0.0,1.0,9.3028,149.0,3.0,10.0,36.0,1.0,6,75,70,200,HEK293,0.8568807832333731,11.123409742065224
160,18PG,0.0,1.0,9.3028,149.0,3.0,10.0,36.0,1.0,6,75,70,300,HEK293,0.8568807832333731,11.123409742065224
176,18PG,0.0,1.0,9.3028,149.0,3.0,10.0,36.0,1.0,6,125,70,75,HEK293,0.7949162062820749,10.409639780163221
177,18PG,0.0,1.0,9.3028,149.0,3.0,10.0,36.0,1.0,6,125,70,200,HEK293,0.7949162062820749,10.409639780163221
178,18PG,0.0,1.0,9.3028,149.0,3.0,10.0,36.0,1.0,6,125,70,300,HEK293,0.7949162062820749,10.409639780163221
194,18PG,0.0,1.0,9.3028,149.0,3.0,10.0,36.0,1.0,6,150,70,75,HEK293,0.7949162062820749,10.409639780163221
195,18PG,0.0,1.0,9.3028,149.0,3.0,10.0,36.0,1.0,6,150,70,200,HEK293,0.7949162062820749,10.409639780163221
196,18PG,0.0,1.0,9.3028,149.0,3.0,10.0,36.0,1.0,6,150,70,300,HEK293,0.7949162062820749,10.409639780163221
209,18PG,0.0,1.0,9.3028,149.0,3.0,10.0,36.0,1.0,6,175,50,400,HEK293,0.7079254899311734,9.407593718517187
212,18PG,0.0,1.0,9.3028,149.0,3.0,10.0,36.0,1.0,6,175,70,75,HEK293,0.7587414331591772,9.992942568560562
213,18PG,0.0,1.0,9.3028,149.0,3.0,10.0,36.0,1.0,6,175,70,200,HEK293,0.7587414331591772,9.992942568560562
214,18PG,0.0,1.0,9.3028,149.0,3.0,10.0,36.0,1.0,6,175,70,300,HEK293,0.7587414331591772,9.992942568560562
245,18PG,0.0,1.0,9.3028,149.0,3.0,10.0,36.0,1.0,7,30,50,400,HEK293,0.7967984451611954,10.431321289811809
248,18PG,0.0,1.0,9.3028,149.0,3.0,10.0,36.0,1.0,7,30,70,75,HEK293,0.7106960809612045,9.439508156592115
249,18PG,0.0,1.0,9.3028,149.0,3.0,10.0,36.0,1.0,7,30,70,200,HEK293,0.7106960809612045,9.439508156592115
250,18PG,0.0,1.0,9.3028,149.0,3.0,10.0,36.0,1.0,7,30,70,300,HEK293,0.7106960809612045,9.439508156592115
251,18PG,0.0,1.0,9.3028,149.0,3.0,10.0,36.0,1.0,7,30,70,400,HEK293,0.8248954080718107,10.754970205579188
260,18PG,0.0,1.0,9.3028,149.0,3.0,10.0,36.0,1.0,7,75,50,75,HEK293,0.7427451681269194,9.808681591653984
261,18PG,0.0,1.0,9.3028,149.0,3.0,10.0,36.0,1.0,7,75,50,200,HEK293,0.7427451681269194,9.808681591653984
262,18PG,0.0,1.0,9.3028,149.0,3.0,10.0,36.0,1.0,7,75,50,300,HEK293,0.7427451681269194,9.808681591653984
263,18PG,0.0,1.0,9.3028,149.0,3.0,10.0,36.0,1.0,7,75,50,400,HEK293,0.7609397078878286,10.018264495159897
266,18PG,0.0,1.0,9.3028,149.0,3.0,10.0,36.0,1.0,7,75,70,75,HEK293,0.81159765205555,10.60179335402788
267,18PG,0.0,1.0,9.3028,149.0,3.0,10.0,36.0,1.0,7,75,70,200,HEK293,0.81159765205555,10.60179335402788
268,18PG,0.0,1.0,9.3028,149.0,3.0,10.0,36.0,1.0,7,75,70,300,HEK293,0.81159765205555,10.60179335402788
269,18PG,0.0,1.0,9.3028,149.0,3.0,10.0,36.0,1.0,7,75,70,400,HEK293,0.7191056274453949,9.536377722543504
281,18PG,0.0,1.0,9.3028,149.0,3.0,10.0,36.0,1.0,7,125,50,400,HEK293,0.7764445249852435,10.19686448330502
284,18PG,0.0,1.0,9.3028,149.0,3.0,10.0,36.0,1.0,7,125,70,75,HEK293,0.7310952840136522,9.67448657655326
285,18PG,0.0,1.0,9.3028,149.0,3.0,10.0,36.0,1.0,7,125,70,200,HEK293,0.7310952840136522,9.67448657655326
286,18PG,0.0,1.0,9.3028,149.0,3.0,10.0,36.0,1.0,7,125,70,300,HEK293,0.7310952840136522,9.67448657655326
287,18PG,0.0,1.0,9.3028,149.0,3.0,10.0,36.0,1.0,7,125,70,400,HEK293,0.7476051136623638,9.86466330427677
299,18PG,0.0,1.0,9.3028,149.0,3.0,10.0,36.0,1.0,7,150,50,400,HEK293,0.7764445249852435,10.19686448330502
302,18PG,0.0,1.0,9.3028,149.0,3.0,10.0,36.0,1.0,7,150,70,75,HEK293,0.7310952840136522,9.67448657655326
303,18PG,0.0,1.0,9.3028,149.0,3.0,10.0,36.0,1.0,7,150,70,200,HEK293,0.7310952840136522,9.67448657655326
304,18PG,0.0,1.0,9.3028,149.0,3.0,10.0,36.0,1.0,7,150,70,300,HEK293,0.7310952840136522,9.67448657655326
305,18PG,0.0,1.0,9.3028,149.0,3.0,10.0,36.0,1.0,7,150,70,400,HEK293,0.7476051136623638,9.86466330427677
314,18PG,0.0,1.0,9.3028,149.0,3.0,10.0,36.0,1.0,7,175,50,75,HEK293,0.7356005284306528,9.726382486992689
315,18PG,0.0,1.0,9.3028,149.0,3.0,10.0,36.0,1.0,7,175,50,200,HEK293,0.7356005284306528,9.726382486992689
316,18PG,0.0,1.0,9.3028,149.0,3.0,10.0,36.0,1.0,7,175,50,300,HEK293,0.7356005284306528,9.726382486992689
317,18PG,0.0,1.0,9.3028,149.0,3.0,10.0,36.0,1.0,7,175,50,400,HEK293,0.8600374316239398,11.159771174876163
320,18PG,0.0,1.0,9.3028,149.0,3.0,10.0,36.0,1.0,7,175,70,75,HEK293,0.7767477874754803,10.200357763930057
321,18PG,0.0,1.0,9.3028,149.0,3.0,10.0,36.0,1.0,7,175,70,200,HEK293,0.7767477874754803,10.200357763930057
322,18PG,0.0,1.0,9.3028,149.0,3.0,10.0,36.0,1.0,7,175,70,300,HEK293,0.7767477874754803,10.200357763930057
323,18PG,0.0,1.0,9.3028,149.0,3.0,10.0,36.0,1.0,7,175,70,400,HEK293,0.8132499086894924,10.620825698194263
353,18PG,0.0,1.0,9.3028,149.0,3.0,10.0,36.0,1.0,9,30,50,400,HEK293,0.7967984451611954,10.431321289811809
356,18PG,0.0,1.0,9.3028,149.0,3.0,10.0,36.0,1.0,9,30,70,75,HEK293,0.7106960809612045,9.439508156592115
357,18PG,0.0,1.0,9.3028,149.0,3.0,10.0,36.0,1.0,9,30,70,200,HEK293,0.7106960809612045,9.439508156592115
358,18PG,0.0,1.0,9.3028,149.0,3.0,10.0,36.0,1.0,9,30,70,300,HEK293,0.7106960809612045,9.439508156592115
359,18PG,0.0,1.0,9.3028,149.0,3.0,10.0,36.0,1.0,9,30,70,400,HEK293,0.8248954080718107,10.754970205579188
368,18PG,0.0,1.0,9.3028,149.0,3.0,10.0,36.0,1.0,9,75,50,75,HEK293,0.7427451681269194,9.808681591653984
369,18PG,0.0,1.0,9.3028,149.0,3.0,10.0,36.0,1.0,9,75,50,200,HEK293,0.7427451681269194,9.808681591653984
370,18PG,0.0,1.0,9.3028,149.0,3.0,10.0,36.0,1.0,9,75,50,300,HEK293,0.7427451681269194,9.808681591653984
371,18PG,0.0,1.0,9.3028,149.0,3.0,10.0,36.0,1.0,9,75,50,400,HEK293,0.7609397078878286,10.018264495159897
374,18PG,0.0,1.0,9.3028,149.0,3.0,10.0,36.0,1.0,9,75,70,75,HEK293,0.81159765205555,10.60179335402788
375,18PG,0.0,1.0,9.3028,149.0,3.0,10.0,36.0,1.0,9,75,70,200,HEK293,0.81159765205555,10.60179335402788
376,18PG,0.0,1.0,9.3028,149.0,3.0,10.0,36.0,1.0,9,75,70,300,HEK293,0.81159765205555,10.60179335402788
377,18PG,0.0,1.0,9.3028,149.0,3.0,10.0,36.0,1.0,9,75,70,400,HEK293,0.7191056274453949,9.536377722543504
389,18PG,0.0,1.0,9.3028,149.0,3.0,10.0,36.0,1.0,9,125,50,400,HEK293,0.7764445249852435,10.19686448330502
392,18PG,0.0,1.0,9.3028,149.0,3.0,10.0,36.0,1.0,9,125,70,75,HEK293,0.7310952840136522,9.67448657655326
393,18PG,0.0,1.0,9.3028,149.0,3.0,10.0,36.0,1.0,9,125,70,200,HEK293,0.7310952840136522,9.67448657655326
394,18PG,0.0,1.0,9.3028,149.0,3.0,10.0,36.0,1.0,9,125,70,300,HEK293,0.7310952840136522,9.67448657655326
395,18PG,0.0,1.0,9.3028,149.0,3.0,10.0,36.0,1.0,9,125,70,400,HEK293,0.7476051136623638,9.86466330427677
407,18PG,0.0,1.0,9.3028,149.0,3.0,10.0,36.0,1.0,9,150,50,400,HEK293,0.7764445249852435,10.19686448330502
410,18PG,0.0,1.0,9.3028,149.0,3.0,10.0,36.0,1.0,9,150,70,75,HEK293,0.7310952840136522,9.67448657655326
411,18PG,0.0,1.0,9.3028,149.0,3.0,10.0,36.0,1.0,9,150,70,200,HEK293,0.7310952840136522,9.67448657655326
412,18PG,0.0,1.0,9.3028,149.0,3.0,10.0,36.0,1.0,9,150,70,300,HEK293,0.7310952840136522,9.67448657655326
413,18PG,0.0,1.0,9.3028,149.0,3.0,10.0,36.0,1.0,9,150,70,400,HEK293,0.7476051136623638,9.86466330427677
422,18PG,0.0,1.0,9.3028,149.0,3.0,10.0,36.0,1.0,9,175,50,75,HEK293,0.7356005284306528,9.726382486992689
423,18PG,0.0,1.0,9.3028,149.0,3.0,10.0,36.0,1.0,9,175,50,200,HEK293,0.7356005284306528,9.726382486992689
424,18PG,0.0,1.0,9.3028,149.0,3.0,10.0,36.0,1.0,9,175,50,300,HEK293,0.7356005284306528,9.726382486992689
425,18PG,0.0,1.0,9.3028,149.0,3.0,10.0,36.0,1.0,9,175,50,400,HEK293,0.8600374316239398,11.159771174876163
428,18PG,0.0,1.0,9.3028,149.0,3.0,10.0,36.0,1.0,9,175,70,75,HEK293,0.7767477874754803,10.200357763930057
429,18PG,0.0,1.0,9.3028,149.0,3.0,10.0,36.0,1.0,9,175,70,200,HEK293,0.7767477874754803,10.200357763930057
430,18PG,0.0,1.0,9.3028,149.0,3.0,10.0,36.0,1.0,9,175,70,300,HEK293,0.7767477874754803,10.200357763930057
431,18PG,0.0,1.0,9.3028,149.0,3.0,10.0,36.0,1.0,9,175,70,400,HEK293,0.8132499086894924,10.620825698194263
461,18PG,0.0,1.0,9.3028,149.0,3.0,10.0,36.0,1.0,10,30,50,400,HEK293,0.7967984451611954,10.431321289811809
464,18PG,0.0,1.0,9.3028,149.0,3.0,10.0,36.0,1.0,10,30,70,75,HEK293,0.7106960809612045,9.439508156592115
465,18PG,0.0,1.0,9.3028,149.0,3.0,10.0,36.0,1.0,10,30,70,200,HEK293,0.7106960809612045,9.439508156592115
466,18PG,0.0,1.0,9.3028,149.0,3.0,10.0,36.0,1.0,10,30,70,300,HEK293,0.7106960809612045,9.439508156592115
467,18PG,0.0,1.0,9.3028,149.0,3.0,10.0,36.0,1.0,10,30,70,400,HEK293,0.8248954080718107,10.754970205579188
476,18PG,0.0,1.0,9.3028,149.0,3.0,10.0,36.0,1.0,10,75,50,75,HEK293,0.7427451681269194,9.808681591653984
477,18PG,0.0,1.0,9.3028,149.0,3.0,10.0,36.0,1.0,10,75,50,200,HEK293,0.7427451681269194,9.808681591653984
478,18PG,0.0,1.0,9.3028,149.0,3.0,10.0,36.0,1.0,10,75,50,300,HEK293,0.7427451681269194,9.808681591653984
479,18PG,0.0,1.0,9.3028,149.0,3.0,10.0,36.0,1.0,10,75,50,400,HEK293,0.7609397078878286,10.018264495159897
482,18PG,0.0,1.0,9.3028,149.0,3.0,10.0,36.0,1.0,10,75,70,75,HEK293,0.81159765205555,10.60179335402788
483,18PG,0.0,1.0,9.3028,149.0,3.0,10.0,36.0,1.0,10,75,70,200,HEK293,0.81159765205555,10.60179335402788
484,18PG,0.0,1.0,9.3028,149.0,3.0,10.0,36.0,1.0,10,75,70,300,HEK293,0.81159765205555,10.60179335402788
485,18PG,0.0,1.0,9.3028,149.0,3.0,10.0,36.0,1.0,10,75,70,400,HEK293,0.7191056274453949,9.536377722543504
497,18PG,0.0,1.0,9.3028,149.0,3.0,10.0,36.0,1.0,10,125,50,400,HEK293,0.7764445249852435,10.19686448330502
500,18PG,0.0,1.0,9.3028,149.0,3.0,10.0,36.0,1.0,10,125,70,75,HEK293,0.7310952840136522,9.67448657655326
501,18PG,0.0,1.0,9.3028,149.0,3.0,10.0,36.0,1.0,10,125,70,200,HEK293,0.7310952840136522,9.67448657655326
502,18PG,0.0,1.0,9.3028,149.0,3.0,10.0,36.0,1.0,10,125,70,300,HEK293,0.7310952840136522,9.67448657655326
503,18PG,0.0,1.0,9.3028,149.0,3.0,10.0,36.0,1.0,10,125,70,400,HEK293,0.7476051136623638,9.86466330427677
515,18PG,0.0,1.0,9.3028,149.0,3.0,10.0,36.0,1.0,10,150,50,400,HEK293,0.7764445249852435,10.19686448330502
518,18PG,0.0,1.0,9.3028,149.0,3.0,10.0,36.0,1.0,10,150,70,75,HEK293,0.7310952840136522,9.67448657655326
519,18PG,0.0,1.0,9.3028,149.0,3.0,10.0,36.0,1.0,10,150,70,200,HEK293,0.7310952840136522,9.67448657655326
520,18PG,0.0,1.0,9.3028,149.0,3.0,10.0,36.0,1.0,10,150,70,300,HEK293,0.7310952840136522,9.67448657655326
521,18PG,0.0,1.0,9.3028,149.0,3.0,10.0,36.0,1.0,10,150,70,400,HEK293,0.7476051136623638,9.86466330427677
530,18PG,0.0,1.0,9.3028,149.0,3.0,10.0,36.0,1.0,10,175,50,75,HEK293,0.7356005284306528,9.726382486992689
531,18PG,0.0,1.0,9.3028,149.0,3.0,10.0,36.0,1.0,10,175,50,200,HEK293,0.7356005284306528,9.726382486992689
532,18PG,0.0,1.0,9.3028,149.0,3.0,10.0,36.0,1.0,10,175,50,300,HEK293,0.7356005284306528,9.726382486992689
533,18PG,0.0,1.0,9.3028,149.0,3.0,10.0,36.0,1.0,10,175,50,400,HEK293,0.8600374316239398,11.159771174876163
536,18PG,0.0,1.0,9.3028,149.0,3.0,10.0,36.0,1.0,10,175,70,75,HEK293,0.7767477874754803,10.200357763930057
537,18PG,0.0,1.0,9.3028,149.0,3.0,10.0,36.0,1.0,10,175,70,200,HEK293,0.7767477874754803,10.200357763930057
538,18PG,0.0,1.0,9.3028,149.0,3.0,10.0,36.0,1.0,10,175,70,300,HEK293,0.7767477874754803,10.200357763930057
539,18PG,0.0,1.0,9.3028,149.0,3.0,10.0,36.0,1.0,10,175,70,400,HEK293,0.8132499086894924,10.620825698194263
572,18PG,0.0,1.0,9.3028,149.0,3.0,10.0,36.0,1.0,11,30,70,75,HEK293,0.773493715434735,10.162874108092712
573,18PG,0.0,1.0,9.3028,149.0,3.0,10.0,36.0,1.0,11,30,70,200,HEK293,0.773493715434735,10.162874108092712
574,18PG,0.0,1.0,9.3028,149.0,3.0,10.0,36.0,1.0,11,30,70,300,HEK293,0.773493715434735,10.162874108092712
575,18PG,0.0,1.0,9.3028,149.0,3.0,10.0,36.0,1.0,11,30,70,400,HEK293,0.7701484820738175,10.124340365008303
584,18PG,0.0,1.0,9.3028,149.0,3.0,10.0,36.0,1.0,11,75,50,75,HEK293,0.8148582060294108,10.639351675252783
585,18PG,0.0,1.0,9.3028,149.0,3.0,10.0,36.0,1.0,11,75,50,200,HEK293,0.8148582060294108,10.639351675252783
586,18PG,0.0,1.0,9.3028,149.0,3.0,10.0,36.0,1.0,11,75,50,300,HEK293,0.8148582060294108,10.639351675252783
590,18PG,0.0,1.0,9.3028,149.0,3.0,10.0,36.0,1.0,11,75,70,75,HEK293,0.9241147240728195,11.897877506594806
591,18PG,0.0,1.0,9.3028,149.0,3.0,10.0,36.0,1.0,11,75,70,200,HEK293,0.9241147240728195,11.897877506594806
592,18PG,0.0,1.0,9.3028,149.0,3.0,10.0,36.0,1.0,11,75,70,300,HEK293,0.9241147240728195,11.897877506594806
593,18PG,0.0,1.0,9.3028,149.0,3.0,10.0,36.0,1.0,11,75,70,400,HEK293,0.7097055486345591,9.428098214721487
602,18PG,0.0,1.0,9.3028,149.0,3.0,10.0,36.0,1.0,11,125,50,75,HEK293,0.792429429004041,10.380994592697547
603,18PG,0.0,1.0,9.3028,149.0,3.0,10.0,36.0,1.0,11,125,50,200,HEK293,0.792429429004041,10.380994592697547
604,18PG,0.0,1.0,9.3028,149.0,3.0,10.0,36.0,1.0,11,125,50,300,HEK293,0.792429429004041,10.380994592697547
608,18PG,0.0,1.0,9.3028,149.0,3.0,10.0,36.0,1.0,11,125,70,75,HEK293,0.9109225309084258,11.745916633534156
609,18PG,0.0,1.0,9.3028,149.0,3.0,10.0,36.0,1.0,11,125,70,200,HEK293,0.9109225309084258,11.745916633534156
610,18PG,0.0,1.0,9.3028,149.0,3.0,10.0,36.0,1.0,11,125,70,300,HEK293,0.9109225309084258,11.745916633534156
611,18PG,0.0,1.0,9.3028,149.0,3.0,10.0,36.0,1.0,11,125,70,400,HEK293,0.753371849878803,9.93109033875393
620,18PG,0.0,1.0,9.3028,149.0,3.0,10.0,36.0,1.0,11,150,50,75,HEK293,0.792429429004041,10.380994592697547
621,18PG,0.0,1.0,9.3028,149.0,3.0,10.0,36.0,1.0,11,150,50,200,HEK293,0.792429429004041,10.380994592697547
622,18PG,0.0,1.0,9.3028,149.0,3.0,10.0,36.0,1.0,11,150,50,300,HEK293,0.792429429004041,10.380994592697547
626,18PG,0.0,1.0,9.3028,149.0,3.0,10.0,36.0,1.0,11,150,70,75,HEK293,0.9109225309084258,11.745916633534156
627,18PG,0.0,1.0,9.3028,149.0,3.0,10.0,36.0,1.0,11,150,70,200,HEK293,0.9109225309084258,11.745916633534156
628,18PG,0.0,1.0,9.3028,149.0,3.0,10.0,36.0,1.0,11,150,70,300,HEK293,0.9109225309084258,11.745916633534156
629,18PG,0.0,1.0,9.3028,149.0,3.0,10.0,36.0,1.0,11,150,70,400,HEK293,0.753371849878803,9.93109033875393
638,18PG,0.0,1.0,9.3028,149.0,3.0,10.0,36.0,1.0,11,175,50,75,HEK293,0.7806553857223952,10.24536938813627
639,18PG,0.0,1.0,9.3028,149.0,3.0,10.0,36.0,1.0,11,175,50,200,HEK293,0.7806553857223952,10.24536938813627
640,18PG,0.0,1.0,9.3028,149.0,3.0,10.0,36.0,1.0,11,175,50,300,HEK293,0.7806553857223952,10.24536938813627
641,18PG,0.0,1.0,9.3028,149.0,3.0,10.0,36.0,1.0,11,175,50,400,HEK293,0.7071685862259673,9.398874944736917
644,18PG,0.0,1.0,9.3028,149.0,3.0,10.0,36.0,1.0,11,175,70,75,HEK293,0.8864837330002,11.464406120429304
645,18PG,0.0,1.0,9.3028,149.0,3.0,10.0,36.0,1.0,11,175,70,200,HEK293,0.8864837330002,11.464406120429304
646,18PG,0.0,1.0,9.3028,149.0,3.0,10.0,36.0,1.0,11,175,70,300,HEK293,0.8864837330002,11.464406120429304
647,18PG,0.0,1.0,9.3028,149.0,3.0,10.0,36.0,1.0,11,175,70,400,HEK293,0.7573687023622145,9.97713008251035
650,DOPE,1.0,1.0,9.784,134.0,2.0,9.0,36.0,2.0,5,5,30,75,HEK293,0.753350116396902,9.930839990775914
651,DOPE,1.0,1.0,9.784,134.0,2.0,9.0,36.0,2.0,5,5,30,200,HEK293,0.753350116396902,9.930839990775914
652,DOPE,1.0,1.0,9.784,134.0,2.0,9.0,36.0,2.0,5,5,30,300,HEK293,0.753350116396902,9.930839990775914
653,DOPE,1.0,1.0,9.784,134.0,2.0,9.0,36.0,2.0,5,5,30,400,HEK293,0.7266271734485846,9.623018410954247
656,DOPE,1.0,1.0,9.784,134.0,2.0,9.0,36.0,2.0,5,5,50,75,HEK293,0.742587470912444,9.806865077440442
657,DOPE,1.0,1.0,9.784,134.0,2.0,9.0,36.0,2.0,5,5,50,200,HEK293,0.742587470912444,9.806865077440442
658,DOPE,1.0,1.0,9.784,134.0,2.0,9.0,36.0,2.0,5,5,50,300,HEK293,0.742587470912444,9.806865077440442
662,DOPE,1.0,1.0,9.784,134.0,2.0,9.0,36.0,2.0,5,5,70,75,HEK293,0.9390260625336595,12.069641214325221
663,DOPE,1.0,1.0,9.784,134.0,2.0,9.0,36.0,2.0,5,5,70,200,HEK293,0.9390260625336595,12.069641214325221
664,DOPE,1.0,1.0,9.784,134.0,2.0,9.0,36.0,2.0,5,5,70,300,HEK293,0.9390260625336595,12.069641214325221
665,DOPE,1.0,1.0,9.784,134.0,2.0,9.0,36.0,2.0,5,5,70,400,HEK293,0.880604476203565,11.396682961388864
668,DOPE,1.0,1.0,9.784,134.0,2.0,9.0,36.0,2.0,5,30,30,75,HEK293,0.7362663018972252,9.734051531554137
669,DOPE,1.0,1.0,9.784,134.0,2.0,9.0,36.0,2.0,5,30,30,200,HEK293,0.7362663018972252,9.734051531554137
670,DOPE,1.0,1.0,9.784,134.0,2.0,9.0,36.0,2.0,5,30,30,300,HEK293,0.7362663018972252,9.734051531554137
672,DOPE,1.0,1.0,9.784,134.0,2.0,9.0,36.0,2.0,5,30,50,25,HEK293,0.7209684331868651,9.5578353818795
673,DOPE,1.0,1.0,9.784,134.0,2.0,9.0,36.0,2.0,5,30,50,50,HEK293,0.7209684331868651,9.5578353818795
674,DOPE,1.0,1.0,9.784,134.0,2.0,9.0,36.0,2.0,5,30,50,75,HEK293,0.7242400883167779,9.595521577320964
675,DOPE,1.0,1.0,9.784,134.0,2.0,9.0,36.0,2.0,5,30,50,200,HEK293,0.7242400883167779,9.595521577320964
676,DOPE,1.0,1.0,9.784,134.0,2.0,9.0,36.0,2.0,5,30,50,300,HEK293,0.7242400883167779,9.595521577320964
678,DOPE,1.0,1.0,9.784,134.0,2.0,9.0,36.0,2.0,5,30,70,25,HEK293,0.7275574012479953,9.633733704975658
679,DOPE,1.0,1.0,9.784,134.0,2.0,9.0,36.0,2.0,5,30,70,50,HEK293,0.7275574012479953,9.633733704975658
680,DOPE,1.0,1.0,9.784,134.0,2.0,9.0,36.0,2.0,5,30,70,75,HEK293,0.9052028598724722,11.680031742871005
681,DOPE,1.0,1.0,9.784,134.0,2.0,9.0,36.0,2.0,5,30,70,200,HEK293,0.9052028598724722,11.680031742871005
682,DOPE,1.0,1.0,9.784,134.0,2.0,9.0,36.0,2.0,5,30,70,300,HEK293,0.9052028598724722,11.680031742871005
683,DOPE,1.0,1.0,9.784,134.0,2.0,9.0,36.0,2.0,5,30,70,400,HEK293,0.7618053340418086,10.028235642827592
690,DOPE,1.0,1.0,9.784,134.0,2.0,9.0,36.0,2.0,5,75,50,25,HEK293,0.7090497417042168,9.420543974690872
691,DOPE,1.0,1.0,9.784,134.0,2.0,9.0,36.0,2.0,5,75,50,50,HEK293,0.7090497417042168,9.420543974690872
698,DOPE,1.0,1.0,9.784,134.0,2.0,9.0,36.0,2.0,5,75,70,75,HEK293,0.7990962829834681,10.45779008368657
699,DOPE,1.0,1.0,9.784,134.0,2.0,9.0,36.0,2.0,5,75,70,200,HEK293,0.7990962829834681,10.45779008368657
700,DOPE,1.0,1.0,9.784,134.0,2.0,9.0,36.0,2.0,5,75,70,300,HEK293,0.7990962829834681,10.45779008368657
708,DOPE,1.0,1.0,9.784,134.0,2.0,9.0,36.0,2.0,5,125,50,25,HEK293,0.7174985540425408,9.517865844016027
709,DOPE,1.0,1.0,9.784,134.0,2.0,9.0,36.0,2.0,5,125,50,50,HEK293,0.7174985540425408,9.517865844016027
714,DOPE,1.0,1.0,9.784,134.0,2.0,9.0,36.0,2.0,5,125,70,25,HEK293,0.7252004569683306,9.6065840638182
715,DOPE,1.0,1.0,9.784,134.0,2.0,9.0,36.0,2.0,5,125,70,50,HEK293,0.7252004569683306,9.6065840638182
716,DOPE,1.0,1.0,9.784,134.0,2.0,9.0,36.0,2.0,5,125,70,75,HEK293,0.8054126242052176,10.530548018219902
717,DOPE,1.0,1.0,9.784,134.0,2.0,9.0,36.0,2.0,5,125,70,200,HEK293,0.8054126242052176,10.530548018219902
718,DOPE,1.0,1.0,9.784,134.0,2.0,9.0,36.0,2.0,5,125,70,300,HEK293,0.8054126242052176,10.530548018219902
726,DOPE,1.0,1.0,9.784,134.0,2.0,9.0,36.0,2.0,5,150,50,25,HEK293,0.7174985540425408,9.517865844016027
727,DOPE,1.0,1.0,9.784,134.0,2.0,9.0,36.0,2.0,5,150,50,50,HEK293,0.7174985540425408,9.517865844016027
732,DOPE,1.0,1.0,9.784,134.0,2.0,9.0,36.0,2.0,5,150,70,25,HEK293,0.7252004569683306,9.6065840638182
733,DOPE,1.0,1.0,9.784,134.0,2.0,9.0,36.0,2.0,5,150,70,50,HEK293,0.7252004569683306,9.6065840638182
734,DOPE,1.0,1.0,9.784,134.0,2.0,9.0,36.0,2.0,5,150,70,75,HEK293,0.8054126242052176,10.530548018219902
735,DOPE,1.0,1.0,9.784,134.0,2.0,9.0,36.0,2.0,5,150,70,200,HEK293,0.8054126242052176,10.530548018219902
736,DOPE,1.0,1.0,9.784,134.0,2.0,9.0,36.0,2.0,5,150,70,300,HEK293,0.8054126242052176,10.530548018219902
758,DOPE,1.0,1.0,9.784,134.0,2.0,9.0,36.0,2.0,6,5,30,75,HEK293,0.753350116396902,9.930839990775914
759,DOPE,1.0,1.0,9.784,134.0,2.0,9.0,36.0,2.0,6,5,30,200,HEK293,0.753350116396902,9.930839990775914
760,DOPE,1.0,1.0,9.784,134.0,2.0,9.0,36.0,2.0,6,5,30,300,HEK293,0.753350116396902,9.930839990775914
761,DOPE,1.0,1.0,9.784,134.0,2.0,9.0,36.0,2.0,6,5,30,400,HEK293,0.7266271734485846,9.623018410954247
764,DOPE,1.0,1.0,9.784,134.0,2.0,9.0,36.0,2.0,6,5,50,75,HEK293,0.742587470912444,9.806865077440442
765,DOPE,1.0,1.0,9.784,134.0,2.0,9.0,36.0,2.0,6,5,50,200,HEK293,0.742587470912444,9.806865077440442
766,DOPE,1.0,1.0,9.784,134.0,2.0,9.0,36.0,2.0,6,5,50,300,HEK293,0.742587470912444,9.806865077440442
770,DOPE,1.0,1.0,9.784,134.0,2.0,9.0,36.0,2.0,6,5,70,75,HEK293,0.9390260625336595,12.069641214325221
771,DOPE,1.0,1.0,9.784,134.0,2.0,9.0,36.0,2.0,6,5,70,200,HEK293,0.9390260625336595,12.069641214325221
772,DOPE,1.0,1.0,9.784,134.0,2.0,9.0,36.0,2.0,6,5,70,300,HEK293,0.9390260625336595,12.069641214325221
773,DOPE,1.0,1.0,9.784,134.0,2.0,9.0,36.0,2.0,6,5,70,400,HEK293,0.880604476203565,11.396682961388864
776,DOPE,1.0,1.0,9.784,134.0,2.0,9.0,36.0,2.0,6,30,30,75,HEK293,0.7362663018972252,9.734051531554137
777,DOPE,1.0,1.0,9.784,134.0,2.0,9.0,36.0,2.0,6,30,30,200,HEK293,0.7362663018972252,9.734051531554137
778,DOPE,1.0,1.0,9.784,134.0,2.0,9.0,36.0,2.0,6,30,30,300,HEK293,0.7362663018972252,9.734051531554137
780,DOPE,1.0,1.0,9.784,134.0,2.0,9.0,36.0,2.0,6,30,50,25,HEK293,0.7209684331868651,9.5578353818795
781,DOPE,1.0,1.0,9.784,134.0,2.0,9.0,36.0,2.0,6,30,50,50,HEK293,0.7209684331868651,9.5578353818795
782,DOPE,1.0,1.0,9.784,134.0,2.0,9.0,36.0,2.0,6,30,50,75,HEK293,0.7242400883167779,9.595521577320964
783,DOPE,1.0,1.0,9.784,134.0,2.0,9.0,36.0,2.0,6,30,50,200,HEK293,0.7242400883167779,9.595521577320964
784,DOPE,1.0,1.0,9.784,134.0,2.0,9.0,36.0,2.0,6,30,50,300,HEK293,0.7242400883167779,9.595521577320964
786,DOPE,1.0,1.0,9.784,134.0,2.0,9.0,36.0,2.0,6,30,70,25,HEK293,0.7275574012479953,9.633733704975658
787,DOPE,1.0,1.0,9.784,134.0,2.0,9.0,36.0,2.0,6,30,70,50,HEK293,0.7275574012479953,9.633733704975658
788,DOPE,1.0,1.0,9.784,134.0,2.0,9.0,36.0,2.0,6,30,70,75,HEK293,0.9052028598724722,11.680031742871005
789,DOPE,1.0,1.0,9.784,134.0,2.0,9.0,36.0,2.0,6,30,70,200,HEK293,0.9052028598724722,11.680031742871005
790,DOPE,1.0,1.0,9.784,134.0,2.0,9.0,36.0,2.0,6,30,70,300,HEK293,0.9052028598724722,11.680031742871005
791,DOPE,1.0,1.0,9.784,134.0,2.0,9.0,36.0,2.0,6,30,70,400,HEK293,0.7618053340418086,10.028235642827592
798,DOPE,1.0,1.0,9.784,134.0,2.0,9.0,36.0,2.0,6,75,50,25,HEK293,0.7090497417042168,9.420543974690872
799,DOPE,1.0,1.0,9.784,134.0,2.0,9.0,36.0,2.0,6,75,50,50,HEK293,0.7090497417042168,9.420543974690872
806,DOPE,1.0,1.0,9.784,134.0,2.0,9.0,36.0,2.0,6,75,70,75,HEK293,0.7990962829834681,10.45779008368657
807,DOPE,1.0,1.0,9.784,134.0,2.0,9.0,36.0,2.0,6,75,70,200,HEK293,0.7990962829834681,10.45779008368657
808,DOPE,1.0,1.0,9.784,134.0,2.0,9.0,36.0,2.0,6,75,70,300,HEK293,0.7990962829834681,10.45779008368657
816,DOPE,1.0,1.0,9.784,134.0,2.0,9.0,36.0,2.0,6,125,50,25,HEK293,0.7174985540425408,9.517865844016027
817,DOPE,1.0,1.0,9.784,134.0,2.0,9.0,36.0,2.0,6,125,50,50,HEK293,0.7174985540425408,9.517865844016027
822,DOPE,1.0,1.0,9.784,134.0,2.0,9.0,36.0,2.0,6,125,70,25,HEK293,0.7252004569683306,9.6065840638182
823,DOPE,1.0,1.0,9.784,134.0,2.0,9.0,36.0,2.0,6,125,70,50,HEK293,0.7252004569683306,9.6065840638182
824,DOPE,1.0,1.0,9.784,134.0,2.0,9.0,36.0,2.0,6,125,70,75,HEK293,0.8054126242052176,10.530548018219902
825,DOPE,1.0,1.0,9.784,134.0,2.0,9.0,36.0,2.0,6,125,70,200,HEK293,0.8054126242052176,10.530548018219902
826,DOPE,1.0,1.0,9.784,134.0,2.0,9.0,36.0,2.0,6,125,70,300,HEK293,0.8054126242052176,10.530548018219902
834,DOPE,1.0,1.0,9.784,134.0,2.0,9.0,36.0,2.0,6,150,50,25,HEK293,0.7174985540425408,9.517865844016027
835,DOPE,1.0,1.0,9.784,134.0,2.0,9.0,36.0,2.0,6,150,50,50,HEK293,0.7174985540425408,9.517865844016027
840,DOPE,1.0,1.0,9.784,134.0,2.0,9.0,36.0,2.0,6,150,70,25,HEK293,0.7252004569683306,9.6065840638182
841,DOPE,1.0,1.0,9.784,134.0,2.0,9.0,36.0,2.0,6,150,70,50,HEK293,0.7252004569683306,9.6065840638182
842,DOPE,1.0,1.0,9.784,134.0,2.0,9.0,36.0,2.0,6,150,70,75,HEK293,0.8054126242052176,10.530548018219902
843,DOPE,1.0,1.0,9.784,134.0,2.0,9.0,36.0,2.0,6,150,70,200,HEK293,0.8054126242052176,10.530548018219902
844,DOPE,1.0,1.0,9.784,134.0,2.0,9.0,36.0,2.0,6,150,70,300,HEK293,0.8054126242052176,10.530548018219902
866,DOPE,1.0,1.0,9.784,134.0,2.0,9.0,36.0,2.0,7,5,30,75,HEK293,0.8376301716690511,10.9016619474558
867,DOPE,1.0,1.0,9.784,134.0,2.0,9.0,36.0,2.0,7,5,30,200,HEK293,0.8376301716690511,10.9016619474558
868,DOPE,1.0,1.0,9.784,134.0,2.0,9.0,36.0,2.0,7,5,30,300,HEK293,0.8376301716690511,10.9016619474558
869,DOPE,1.0,1.0,9.784,134.0,2.0,9.0,36.0,2.0,7,5,30,400,HEK293,0.814585179596015,10.636206683766495
872,DOPE,1.0,1.0,9.784,134.0,2.0,9.0,36.0,2.0,7,5,50,75,HEK293,0.905396028686789,11.682256854443121
873,DOPE,1.0,1.0,9.784,134.0,2.0,9.0,36.0,2.0,7,5,50,200,HEK293,0.905396028686789,11.682256854443121
874,DOPE,1.0,1.0,9.784,134.0,2.0,9.0,36.0,2.0,7,5,50,300,HEK293,0.905396028686789,11.682256854443121
875,DOPE,1.0,1.0,9.784,134.0,2.0,9.0,36.0,2.0,7,5,50,400,HEK293,0.806156546069397,10.539117254173384
878,DOPE,1.0,1.0,9.784,134.0,2.0,9.0,36.0,2.0,7,5,70,75,HEK293,0.8715963330736626,11.29291816067552
879,DOPE,1.0,1.0,9.784,134.0,2.0,9.0,36.0,2.0,7,5,70,200,HEK293,0.8715963330736626,11.29291816067552
880,DOPE,1.0,1.0,9.784,134.0,2.0,9.0,36.0,2.0,7,5,70,300,HEK293,0.8715963330736626,11.29291816067552
881,DOPE,1.0,1.0,9.784,134.0,2.0,9.0,36.0,2.0,7,5,70,400,HEK293,0.8892832356052917,11.496653590937354
884,DOPE,1.0,1.0,9.784,134.0,2.0,9.0,36.0,2.0,7,30,30,75,HEK293,0.7743155037335122,10.172340287506326
885,DOPE,1.0,1.0,9.784,134.0,2.0,9.0,36.0,2.0,7,30,30,200,HEK293,0.7743155037335122,10.172340287506326
886,DOPE,1.0,1.0,9.784,134.0,2.0,9.0,36.0,2.0,7,30,30,300,HEK293,0.7743155037335122,10.172340287506326
887,DOPE,1.0,1.0,9.784,134.0,2.0,9.0,36.0,2.0,7,30,30,400,HEK293,0.7349432575233826,9.718811383411845
890,DOPE,1.0,1.0,9.784,134.0,2.0,9.0,36.0,2.0,7,30,50,75,HEK293,0.8017670047735068,10.488554127986024
891,DOPE,1.0,1.0,9.784,134.0,2.0,9.0,36.0,2.0,7,30,50,200,HEK293,0.8017670047735068,10.488554127986024
892,DOPE,1.0,1.0,9.784,134.0,2.0,9.0,36.0,2.0,7,30,50,300,HEK293,0.8017670047735068,10.488554127986024
896,DOPE,1.0,1.0,9.784,134.0,2.0,9.0,36.0,2.0,7,30,70,75,HEK293,0.8281115496766724,10.79201694072559
897,DOPE,1.0,1.0,9.784,134.0,2.0,9.0,36.0,2.0,7,30,70,200,HEK293,0.8281115496766724,10.79201694072559
898,DOPE,1.0,1.0,9.784,134.0,2.0,9.0,36.0,2.0,7,30,70,300,HEK293,0.8281115496766724,10.79201694072559
899,DOPE,1.0,1.0,9.784,134.0,2.0,9.0,36.0,2.0,7,30,70,400,HEK293,0.7862983851563318,10.310371098615786
914,DOPE,1.0,1.0,9.784,134.0,2.0,9.0,36.0,2.0,7,75,70,75,HEK293,0.7437327990749782,9.820058112544674
915,DOPE,1.0,1.0,9.784,134.0,2.0,9.0,36.0,2.0,7,75,70,200,HEK293,0.7437327990749782,9.820058112544674
916,DOPE,1.0,1.0,9.784,134.0,2.0,9.0,36.0,2.0,7,75,70,300,HEK293,0.7437327990749782,9.820058112544674
932,DOPE,1.0,1.0,9.784,134.0,2.0,9.0,36.0,2.0,7,125,70,75,HEK293,0.7382172965460866,9.756525038914372
933,DOPE,1.0,1.0,9.784,134.0,2.0,9.0,36.0,2.0,7,125,70,200,HEK293,0.7382172965460866,9.756525038914372
934,DOPE,1.0,1.0,9.784,134.0,2.0,9.0,36.0,2.0,7,125,70,300,HEK293,0.7382172965460866,9.756525038914372
950,DOPE,1.0,1.0,9.784,134.0,2.0,9.0,36.0,2.0,7,150,70,75,HEK293,0.7382172965460866,9.756525038914372
951,DOPE,1.0,1.0,9.784,134.0,2.0,9.0,36.0,2.0,7,150,70,200,HEK293,0.7382172965460866,9.756525038914372
952,DOPE,1.0,1.0,9.784,134.0,2.0,9.0,36.0,2.0,7,150,70,300,HEK293,0.7382172965460866,9.756525038914372
968,DOPE,1.0,1.0,9.784,134.0,2.0,9.0,36.0,2.0,7,175,70,75,HEK293,0.7192441380549882,9.537973226255408
969,DOPE,1.0,1.0,9.784,134.0,2.0,9.0,36.0,2.0,7,175,70,200,HEK293,0.7192441380549882,9.537973226255408
970,DOPE,1.0,1.0,9.784,134.0,2.0,9.0,36.0,2.0,7,175,70,300,HEK293,0.7192441380549882,9.537973226255408
974,DOPE,1.0,1.0,9.784,134.0,2.0,9.0,36.0,2.0,9,5,30,75,HEK293,0.8376301716690511,10.9016619474558
975,DOPE,1.0,1.0,9.784,134.0,2.0,9.0,36.0,2.0,9,5,30,200,HEK293,0.8376301716690511,10.9016619474558
976,DOPE,1.0,1.0,9.784,134.0,2.0,9.0,36.0,2.0,9,5,30,300,HEK293,0.8376301716690511,10.9016619474558
977,DOPE,1.0,1.0,9.784,134.0,2.0,9.0,36.0,2.0,9,5,30,400,HEK293,0.814585179596015,10.636206683766495
980,DOPE,1.0,1.0,9.784,134.0,2.0,9.0,36.0,2.0,9,5,50,75,HEK293,0.905396028686789,11.682256854443121
981,DOPE,1.0,1.0,9.784,134.0,2.0,9.0,36.0,2.0,9,5,50,200,HEK293,0.905396028686789,11.682256854443121
982,DOPE,1.0,1.0,9.784,134.0,2.0,9.0,36.0,2.0,9,5,50,300,HEK293,0.905396028686789,11.682256854443121
983,DOPE,1.0,1.0,9.784,134.0,2.0,9.0,36.0,2.0,9,5,50,400,HEK293,0.806156546069397,10.539117254173384
986,DOPE,1.0,1.0,9.784,134.0,2.0,9.0,36.0,2.0,9,5,70,75,HEK293,0.8715963330736626,11.29291816067552
987,DOPE,1.0,1.0,9.784,134.0,2.0,9.0,36.0,2.0,9,5,70,200,HEK293,0.8715963330736626,11.29291816067552
988,DOPE,1.0,1.0,9.784,134.0,2.0,9.0,36.0,2.0,9,5,70,300,HEK293,0.8715963330736626,11.29291816067552
989,DOPE,1.0,1.0,9.784,134.0,2.0,9.0,36.0,2.0,9,5,70,400,HEK293,0.8892832356052917,11.496653590937354
992,DOPE,1.0,1.0,9.784,134.0,2.0,9.0,36.0,2.0,9,30,30,75,HEK293,0.7743155037335122,10.172340287506326
993,DOPE,1.0,1.0,9.784,134.0,2.0,9.0,36.0,2.0,9,30,30,200,HEK293,0.7743155037335122,10.172340287506326
994,DOPE,1.0,1.0,9.784,134.0,2.0,9.0,36.0,2.0,9,30,30,300,HEK293,0.7743155037335122,10.172340287506326
995,DOPE,1.0,1.0,9.784,134.0,2.0,9.0,36.0,2.0,9,30,30,400,HEK293,0.7349432575233826,9.718811383411845
998,DOPE,1.0,1.0,9.784,134.0,2.0,9.0,36.0,2.0,9,30,50,75,HEK293,0.8017670047735068,10.488554127986024
999,DOPE,1.0,1.0,9.784,134.0,2.0,9.0,36.0,2.0,9,30,50,200,HEK293,0.8017670047735068,10.488554127986024
1000,DOPE,1.0,1.0,9.784,134.0,2.0,9.0,36.0,2.0,9,30,50,300,HEK293,0.8017670047735068,10.488554127986024
1004,DOPE,1.0,1.0,9.784,134.0,2.0,9.0,36.0,2.0,9,30,70,75,HEK293,0.8281115496766724,10.79201694072559
1005,DOPE,1.0,1.0,9.784,134.0,2.0,9.0,36.0,2.0,9,30,70,200,HEK293,0.8281115496766724,10.79201694072559
1006,DOPE,1.0,1.0,9.784,134.0,2.0,9.0,36.0,2.0,9,30,70,300,HEK293,0.8281115496766724,10.79201694072559
1007,DOPE,1.0,1.0,9.784,134.0,2.0,9.0,36.0,2.0,9,30,70,400,HEK293,0.7862983851563318,10.310371098615786
1022,DOPE,1.0,1.0,9.784,134.0,2.0,9.0,36.0,2.0,9,75,70,75,HEK293,0.7437327990749782,9.820058112544674
1023,DOPE,1.0,1.0,9.784,134.0,2.0,9.0,36.0,2.0,9,75,70,200,HEK293,0.7437327990749782,9.820058112544674
1024,DOPE,1.0,1.0,9.784,134.0,2.0,9.0,36.0,2.0,9,75,70,300,HEK293,0.7437327990749782,9.820058112544674
1040,DOPE,1.0,1.0,9.784,134.0,2.0,9.0,36.0,2.0,9,125,70,75,HEK293,0.7382172965460866,9.756525038914372
1041,DOPE,1.0,1.0,9.784,134.0,2.0,9.0,36.0,2.0,9,125,70,200,HEK293,0.7382172965460866,9.756525038914372
1042,DOPE,1.0,1.0,9.784,134.0,2.0,9.0,36.0,2.0,9,125,70,300,HEK293,0.7382172965460866,9.756525038914372
1058,DOPE,1.0,1.0,9.784,134.0,2.0,9.0,36.0,2.0,9,150,70,75,HEK293,0.7382172965460866,9.756525038914372
1059,DOPE,1.0,1.0,9.784,134.0,2.0,9.0,36.0,2.0,9,150,70,200,HEK293,0.7382172965460866,9.756525038914372
1060,DOPE,1.0,1.0,9.784,134.0,2.0,9.0,36.0,2.0,9,150,70,300,HEK293,0.7382172965460866,9.756525038914372
1076,DOPE,1.0,1.0,9.784,134.0,2.0,9.0,36.0,2.0,9,175,70,75,HEK293,0.7192441380549882,9.537973226255408
1077,DOPE,1.0,1.0,9.784,134.0,2.0,9.0,36.0,2.0,9,175,70,200,HEK293,0.7192441380549882,9.537973226255408
1078,DOPE,1.0,1.0,9.784,134.0,2.0,9.0,36.0,2.0,9,175,70,300,HEK293,0.7192441380549882,9.537973226255408
1082,DOPE,1.0,1.0,9.784,134.0,2.0,9.0,36.0,2.0,10,5,30,75,HEK293,0.8376301716690511,10.9016619474558
1083,DOPE,1.0,1.0,9.784,134.0,2.0,9.0,36.0,2.0,10,5,30,200,HEK293,0.8376301716690511,10.9016619474558
1084,DOPE,1.0,1.0,9.784,134.0,2.0,9.0,36.0,2.0,10,5,30,300,HEK293,0.8376301716690511,10.9016619474558
1085,DOPE,1.0,1.0,9.784,134.0,2.0,9.0,36.0,2.0,10,5,30,400,HEK293,0.814585179596015,10.636206683766495
1088,DOPE,1.0,1.0,9.784,134.0,2.0,9.0,36.0,2.0,10,5,50,75,HEK293,0.905396028686789,11.682256854443121
1089,DOPE,1.0,1.0,9.784,134.0,2.0,9.0,36.0,2.0,10,5,50,200,HEK293,0.905396028686789,11.682256854443121
1090,DOPE,1.0,1.0,9.784,134.0,2.0,9.0,36.0,2.0,10,5,50,300,HEK293,0.905396028686789,11.682256854443121
1091,DOPE,1.0,1.0,9.784,134.0,2.0,9.0,36.0,2.0,10,5,50,400,HEK293,0.806156546069397,10.539117254173384
1094,DOPE,1.0,1.0,9.784,134.0,2.0,9.0,36.0,2.0,10,5,70,75,HEK293,0.8715963330736626,11.29291816067552
1095,DOPE,1.0,1.0,9.784,134.0,2.0,9.0,36.0,2.0,10,5,70,200,HEK293,0.8715963330736626,11.29291816067552
1096,DOPE,1.0,1.0,9.784,134.0,2.0,9.0,36.0,2.0,10,5,70,300,HEK293,0.8715963330736626,11.29291816067552
1097,DOPE,1.0,1.0,9.784,134.0,2.0,9.0,36.0,2.0,10,5,70,400,HEK293,0.8892832356052917,11.496653590937354
1100,DOPE,1.0,1.0,9.784,134.0,2.0,9.0,36.0,2.0,10,30,30,75,HEK293,0.7743155037335122,10.172340287506326
1101,DOPE,1.0,1.0,9.784,134.0,2.0,9.0,36.0,2.0,10,30,30,200,HEK293,0.7743155037335122,10.172340287506326
1102,DOPE,1.0,1.0,9.784,134.0,2.0,9.0,36.0,2.0,10,30,30,300,HEK293,0.7743155037335122,10.172340287506326
1103,DOPE,1.0,1.0,9.784,134.0,2.0,9.0,36.0,2.0,10,30,30,400,HEK293,0.7349432575233826,9.718811383411845
1106,DOPE,1.0,1.0,9.784,134.0,2.0,9.0,36.0,2.0,10,30,50,75,HEK293,0.8017670047735068,10.488554127986024
1107,DOPE,1.0,1.0,9.784,134.0,2.0,9.0,36.0,2.0,10,30,50,200,HEK293,0.8017670047735068,10.488554127986024
1108,DOPE,1.0,1.0,9.784,134.0,2.0,9.0,36.0,2.0,10,30,50,300,HEK293,0.8017670047735068,10.488554127986024
1112,DOPE,1.0,1.0,9.784,134.0,2.0,9.0,36.0,2.0,10,30,70,75,HEK293,0.8281115496766724,10.79201694072559
1113,DOPE,1.0,1.0,9.784,134.0,2.0,9.0,36.0,2.0,10,30,70,200,HEK293,0.8281115496766724,10.79201694072559
1114,DOPE,1.0,1.0,9.784,134.0,2.0,9.0,36.0,2.0,10,30,70,300,HEK293,0.8281115496766724,10.79201694072559
1115,DOPE,1.0,1.0,9.784,134.0,2.0,9.0,36.0,2.0,10,30,70,400,HEK293,0.7862983851563318,10.310371098615786
1130,DOPE,1.0,1.0,9.784,134.0,2.0,9.0,36.0,2.0,10,75,70,75,HEK293,0.7437327990749782,9.820058112544674
1131,DOPE,1.0,1.0,9.784,134.0,2.0,9.0,36.0,2.0,10,75,70,200,HEK293,0.7437327990749782,9.820058112544674
1132,DOPE,1.0,1.0,9.784,134.0,2.0,9.0,36.0,2.0,10,75,70,300,HEK293,0.7437327990749782,9.820058112544674
1148,DOPE,1.0,1.0,9.784,134.0,2.0,9.0,36.0,2.0,10,125,70,75,HEK293,0.7382172965460866,9.756525038914372
1149,DOPE,1.0,1.0,9.784,134.0,2.0,9.0,36.0,2.0,10,125,70,200,HEK293,0.7382172965460866,9.756525038914372
1150,DOPE,1.0,1.0,9.784,134.0,2.0,9.0,36.0,2.0,10,125,70,300,HEK293,0.7382172965460866,9.756525038914372
1166,DOPE,1.0,1.0,9.784,134.0,2.0,9.0,36.0,2.0,10,150,70,75,HEK293,0.7382172965460866,9.756525038914372
1167,DOPE,1.0,1.0,9.784,134.0,2.0,9.0,36.0,2.0,10,150,70,200,HEK293,0.7382172965460866,9.756525038914372
1168,DOPE,1.0,1.0,9.784,134.0,2.0,9.0,36.0,2.0,10,150,70,300,HEK293,0.7382172965460866,9.756525038914372
1184,DOPE,1.0,1.0,9.784,134.0,2.0,9.0,36.0,2.0,10,175,70,75,HEK293,0.7192441380549882,9.537973226255408
1185,DOPE,1.0,1.0,9.784,134.0,2.0,9.0,36.0,2.0,10,175,70,200,HEK293,0.7192441380549882,9.537973226255408
1186,DOPE,1.0,1.0,9.784,134.0,2.0,9.0,36.0,2.0,10,175,70,300,HEK293,0.7192441380549882,9.537973226255408
1190,DOPE,1.0,1.0,9.784,134.0,2.0,9.0,36.0,2.0,11,5,30,75,HEK293,0.7950990350050445,10.411745784223108
1191,DOPE,1.0,1.0,9.784,134.0,2.0,9.0,36.0,2.0,11,5,30,200,HEK293,0.7950990350050445,10.411745784223108
1192,DOPE,1.0,1.0,9.784,134.0,2.0,9.0,36.0,2.0,11,5,30,300,HEK293,0.7950990350050445,10.411745784223108
1193,DOPE,1.0,1.0,9.784,134.0,2.0,9.0,36.0,2.0,11,5,30,400,HEK293,0.7525566955151439,9.921700575638942
1196,DOPE,1.0,1.0,9.784,134.0,2.0,9.0,36.0,2.0,11,5,50,75,HEK293,0.9103652930160447,11.73949781025182
1197,DOPE,1.0,1.0,9.784,134.0,2.0,9.0,36.0,2.0,11,5,50,200,HEK293,0.9103652930160447,11.73949781025182
1198,DOPE,1.0,1.0,9.784,134.0,2.0,9.0,36.0,2.0,11,5,50,300,HEK293,0.9103652930160447,11.73949781025182
1199,DOPE,1.0,1.0,9.784,134.0,2.0,9.0,36.0,2.0,11,5,50,400,HEK293,0.8112454746106426,10.597736622039992
1202,DOPE,1.0,1.0,9.784,134.0,2.0,9.0,36.0,2.0,11,5,70,75,HEK293,0.8593574717632697,11.151938717241103
1203,DOPE,1.0,1.0,9.784,134.0,2.0,9.0,36.0,2.0,11,5,70,200,HEK293,0.8593574717632697,11.151938717241103
1204,DOPE,1.0,1.0,9.784,134.0,2.0,9.0,36.0,2.0,11,5,70,300,HEK293,0.8593574717632697,11.151938717241103
1205,DOPE,1.0,1.0,9.784,134.0,2.0,9.0,36.0,2.0,11,5,70,400,HEK293,0.9120330069450208,11.758708206999694
1208,DOPE,1.0,1.0,9.784,134.0,2.0,9.0,36.0,2.0,11,30,30,75,HEK293,0.7474956445073379,9.863402329080024
1209,DOPE,1.0,1.0,9.784,134.0,2.0,9.0,36.0,2.0,11,30,30,200,HEK293,0.7474956445073379,9.863402329080024
1210,DOPE,1.0,1.0,9.784,134.0,2.0,9.0,36.0,2.0,11,30,30,300,HEK293,0.7474956445073379,9.863402329080024
1211,DOPE,1.0,1.0,9.784,134.0,2.0,9.0,36.0,2.0,11,30,30,400,HEK293,0.7170064068931985,9.512196801002753
1214,DOPE,1.0,1.0,9.784,134.0,2.0,9.0,36.0,2.0,11,30,50,75,HEK293,0.7752255980880254,10.182823664375965
1215,DOPE,1.0,1.0,9.784,134.0,2.0,9.0,36.0,2.0,11,30,50,200,HEK293,0.7752255980880254,10.182823664375965
1216,DOPE,1.0,1.0,9.784,134.0,2.0,9.0,36.0,2.0,11,30,50,300,HEK293,0.7752255980880254,10.182823664375965
1217,DOPE,1.0,1.0,9.784,134.0,2.0,9.0,36.0,2.0,11,30,50,400,HEK293,0.7189687785941501,9.534801360626014
1220,DOPE,1.0,1.0,9.784,134.0,2.0,9.0,36.0,2.0,11,30,70,75,HEK293,0.8102866958747929,10.586692449781738
1221,DOPE,1.0,1.0,9.784,134.0,2.0,9.0,36.0,2.0,11,30,70,200,HEK293,0.8102866958747929,10.586692449781738
1222,DOPE,1.0,1.0,9.784,134.0,2.0,9.0,36.0,2.0,11,30,70,300,HEK293,0.8102866958747929,10.586692449781738
1223,DOPE,1.0,1.0,9.784,134.0,2.0,9.0,36.0,2.0,11,30,70,400,HEK293,0.9283543891828565,11.946714208997323
1232,DOPE,1.0,1.0,9.784,134.0,2.0,9.0,36.0,2.0,11,75,50,75,HEK293,0.754187954324295,9.940491045861554
1233,DOPE,1.0,1.0,9.784,134.0,2.0,9.0,36.0,2.0,11,75,50,200,HEK293,0.754187954324295,9.940491045861554
1234,DOPE,1.0,1.0,9.784,134.0,2.0,9.0,36.0,2.0,11,75,50,300,HEK293,0.754187954324295,9.940491045861554
1235,DOPE,1.0,1.0,9.784,134.0,2.0,9.0,36.0,2.0,11,75,50,400,HEK293,0.7938053690732677,10.396844046354971
1238,DOPE,1.0,1.0,9.784,134.0,2.0,9.0,36.0,2.0,11,75,70,75,HEK293,0.7945882913624662,10.405862528204247
1239,DOPE,1.0,1.0,9.784,134.0,2.0,9.0,36.0,2.0,11,75,70,200,HEK293,0.7945882913624662,10.405862528204247
1240,DOPE,1.0,1.0,9.784,134.0,2.0,9.0,36.0,2.0,11,75,70,300,HEK293,0.7945882913624662,10.405862528204247
1241,DOPE,1.0,1.0,9.784,134.0,2.0,9.0,36.0,2.0,11,75,70,400,HEK293,0.8668508483832061,11.238254922526151
1250,DOPE,1.0,1.0,9.784,134.0,2.0,9.0,36.0,2.0,11,125,50,75,HEK293,0.7060440396684246,9.385921292940582
1251,DOPE,1.0,1.0,9.784,134.0,2.0,9.0,36.0,2.0,11,125,50,200,HEK293,0.7060440396684246,9.385921292940582
1252,DOPE,1.0,1.0,9.784,134.0,2.0,9.0,36.0,2.0,11,125,50,300,HEK293,0.7060440396684246,9.385921292940582
1253,DOPE,1.0,1.0,9.784,134.0,2.0,9.0,36.0,2.0,11,125,50,400,HEK293,0.7473786494527322,9.862054663046022
1256,DOPE,1.0,1.0,9.784,134.0,2.0,9.0,36.0,2.0,11,125,70,75,HEK293,0.842472842023381,10.957444667267326
1257,DOPE,1.0,1.0,9.784,134.0,2.0,9.0,36.0,2.0,11,125,70,200,HEK293,0.842472842023381,10.957444667267326
1258,DOPE,1.0,1.0,9.784,134.0,2.0,9.0,36.0,2.0,11,125,70,300,HEK293,0.842472842023381,10.957444667267326
1259,DOPE,1.0,1.0,9.784,134.0,2.0,9.0,36.0,2.0,11,125,70,400,HEK293,0.8199856739253725,10.698414977946365
1268,DOPE,1.0,1.0,9.784,134.0,2.0,9.0,36.0,2.0,11,150,50,75,HEK293,0.7060440396684246,9.385921292940582
1269,DOPE,1.0,1.0,9.784,134.0,2.0,9.0,36.0,2.0,11,150,50,200,HEK293,0.7060440396684246,9.385921292940582
1270,DOPE,1.0,1.0,9.784,134.0,2.0,9.0,36.0,2.0,11,150,50,300,HEK293,0.7060440396684246,9.385921292940582
1271,DOPE,1.0,1.0,9.784,134.0,2.0,9.0,36.0,2.0,11,150,50,400,HEK293,0.7473786494527322,9.862054663046022
1274,DOPE,1.0,1.0,9.784,134.0,2.0,9.0,36.0,2.0,11,150,70,75,HEK293,0.842472842023381,10.957444667267326
1275,DOPE,1.0,1.0,9.784,134.0,2.0,9.0,36.0,2.0,11,150,70,200,HEK293,0.842472842023381,10.957444667267326
1276,DOPE,1.0,1.0,9.784,134.0,2.0,9.0,36.0,2.0,11,150,70,300,HEK293,0.842472842023381,10.957444667267326
1277,DOPE,1.0,1.0,9.784,134.0,2.0,9.0,36.0,2.0,11,150,70,400,HEK293,0.8199856739253725,10.698414977946365
1292,DOPE,1.0,1.0,9.784,134.0,2.0,9.0,36.0,2.0,11,175,70,75,HEK293,0.8198015814912851,10.696294417198112
1293,DOPE,1.0,1.0,9.784,134.0,2.0,9.0,36.0,2.0,11,175,70,200,HEK293,0.8198015814912851,10.696294417198112
1294,DOPE,1.0,1.0,9.784,134.0,2.0,9.0,36.0,2.0,11,175,70,300,HEK293,0.8198015814912851,10.696294417198112
1295,DOPE,1.0,1.0,9.784,134.0,2.0,9.0,36.0,2.0,11,175,70,400,HEK293,0.7601175948974269,10.00879457562346
1304,DOTAP,1.0,0.0,12.515,52.6,0.0,4.0,36.0,2.0,5,5,50,75,HEK293,0.8312671479577717,10.828366277325571
1305,DOTAP,1.0,0.0,12.515,52.6,0.0,4.0,36.0,2.0,5,5,50,200,HEK293,0.8312671479577717,10.828366277325571
1306,DOTAP,1.0,0.0,12.515,52.6,0.0,4.0,36.0,2.0,5,5,50,300,HEK293,0.8312671479577717,10.828366277325571
1307,DOTAP,1.0,0.0,12.515,52.6,0.0,4.0,36.0,2.0,5,5,50,400,HEK293,0.7312993923527074,9.676837700510836
1310,DOTAP,1.0,0.0,12.515,52.6,0.0,4.0,36.0,2.0,5,5,70,75,HEK293,0.7514510844675786,9.908965041982038
1311,DOTAP,1.0,0.0,12.515,52.6,0.0,4.0,36.0,2.0,5,5,70,200,HEK293,0.7514510844675786,9.908965041982038
1312,DOTAP,1.0,0.0,12.515,52.6,0.0,4.0,36.0,2.0,5,5,70,300,HEK293,0.7514510844675786,9.908965041982038
1313,DOTAP,1.0,0.0,12.515,52.6,0.0,4.0,36.0,2.0,5,5,70,400,HEK293,0.8497176228620267,11.040897297747685
1328,DOTAP,1.0,0.0,12.515,52.6,0.0,4.0,36.0,2.0,5,30,70,75,HEK293,0.7312425752845694,9.676183224702955
1329,DOTAP,1.0,0.0,12.515,52.6,0.0,4.0,36.0,2.0,5,30,70,200,HEK293,0.7312425752845694,9.676183224702955
1330,DOTAP,1.0,0.0,12.515,52.6,0.0,4.0,36.0,2.0,5,30,70,300,HEK293,0.7312425752845694,9.676183224702955
1331,DOTAP,1.0,0.0,12.515,52.6,0.0,4.0,36.0,2.0,5,30,70,400,HEK293,0.715805002228173,9.498357820666325
1346,DOTAP,1.0,0.0,12.515,52.6,0.0,4.0,36.0,2.0,5,75,70,75,HEK293,0.7281487599337017,9.640545565676309
1347,DOTAP,1.0,0.0,12.515,52.6,0.0,4.0,36.0,2.0,5,75,70,200,HEK293,0.7281487599337017,9.640545565676309
1348,DOTAP,1.0,0.0,12.515,52.6,0.0,4.0,36.0,2.0,5,75,70,300,HEK293,0.7281487599337017,9.640545565676309
1412,DOTAP,1.0,0.0,12.515,52.6,0.0,4.0,36.0,2.0,6,5,50,75,HEK293,0.8312671479577717,10.828366277325571
1413,DOTAP,1.0,0.0,12.515,52.6,0.0,4.0,36.0,2.0,6,5,50,200,HEK293,0.8312671479577717,10.828366277325571
1414,DOTAP,1.0,0.0,12.515,52.6,0.0,4.0,36.0,2.0,6,5,50,300,HEK293,0.8312671479577717,10.828366277325571
1415,DOTAP,1.0,0.0,12.515,52.6,0.0,4.0,36.0,2.0,6,5,50,400,HEK293,0.7312993923527074,9.676837700510836
1418,DOTAP,1.0,0.0,12.515,52.6,0.0,4.0,36.0,2.0,6,5,70,75,HEK293,0.7514510844675786,9.908965041982038
1419,DOTAP,1.0,0.0,12.515,52.6,0.0,4.0,36.0,2.0,6,5,70,200,HEK293,0.7514510844675786,9.908965041982038
1420,DOTAP,1.0,0.0,12.515,52.6,0.0,4.0,36.0,2.0,6,5,70,300,HEK293,0.7514510844675786,9.908965041982038
1421,DOTAP,1.0,0.0,12.515,52.6,0.0,4.0,36.0,2.0,6,5,70,400,HEK293,0.8497176228620267,11.040897297747685
1436,DOTAP,1.0,0.0,12.515,52.6,0.0,4.0,36.0,2.0,6,30,70,75,HEK293,0.7312425752845694,9.676183224702955
1437,DOTAP,1.0,0.0,12.515,52.6,0.0,4.0,36.0,2.0,6,30,70,200,HEK293,0.7312425752845694,9.676183224702955
1438,DOTAP,1.0,0.0,12.515,52.6,0.0,4.0,36.0,2.0,6,30,70,300,HEK293,0.7312425752845694,9.676183224702955
1439,DOTAP,1.0,0.0,12.515,52.6,0.0,4.0,36.0,2.0,6,30,70,400,HEK293,0.715805002228173,9.498357820666325
1454,DOTAP,1.0,0.0,12.515,52.6,0.0,4.0,36.0,2.0,6,75,70,75,HEK293,0.7281487599337017,9.640545565676309
1455,DOTAP,1.0,0.0,12.515,52.6,0.0,4.0,36.0,2.0,6,75,70,200,HEK293,0.7281487599337017,9.640545565676309
1456,DOTAP,1.0,0.0,12.515,52.6,0.0,4.0,36.0,2.0,6,75,70,300,HEK293,0.7281487599337017,9.640545565676309
1520,DOTAP,1.0,0.0,12.515,52.6,0.0,4.0,36.0,2.0,7,5,50,75,HEK293,0.7948483345466533,10.408857965642898
1521,DOTAP,1.0,0.0,12.515,52.6,0.0,4.0,36.0,2.0,7,5,50,200,HEK293,0.7948483345466533,10.408857965642898
1522,DOTAP,1.0,0.0,12.515,52.6,0.0,4.0,36.0,2.0,7,5,50,300,HEK293,0.7948483345466533,10.408857965642898
1523,DOTAP,1.0,0.0,12.515,52.6,0.0,4.0,36.0,2.0,7,5,50,400,HEK293,0.8064496275611577,10.542493259876975
1526,DOTAP,1.0,0.0,12.515,52.6,0.0,4.0,36.0,2.0,7,5,70,75,HEK293,0.7456467926195595,9.842105404184705
1527,DOTAP,1.0,0.0,12.515,52.6,0.0,4.0,36.0,2.0,7,5,70,200,HEK293,0.7456467926195595,9.842105404184705
1528,DOTAP,1.0,0.0,12.515,52.6,0.0,4.0,36.0,2.0,7,5,70,300,HEK293,0.7456467926195595,9.842105404184705
1529,DOTAP,1.0,0.0,12.515,52.6,0.0,4.0,36.0,2.0,7,5,70,400,HEK293,0.8277241538707112,10.787554528436722
1544,DOTAP,1.0,0.0,12.515,52.6,0.0,4.0,36.0,2.0,7,30,70,75,HEK293,0.7269549304072274,9.626793843360852
1545,DOTAP,1.0,0.0,12.515,52.6,0.0,4.0,36.0,2.0,7,30,70,200,HEK293,0.7269549304072274,9.626793843360852
1546,DOTAP,1.0,0.0,12.515,52.6,0.0,4.0,36.0,2.0,7,30,70,300,HEK293,0.7269549304072274,9.626793843360852
1547,DOTAP,1.0,0.0,12.515,52.6,0.0,4.0,36.0,2.0,7,30,70,400,HEK293,0.7494524520665923,9.885942795355076
1562,DOTAP,1.0,0.0,12.515,52.6,0.0,4.0,36.0,2.0,7,75,70,75,HEK293,0.7864139706447196,10.311702527856525
1563,DOTAP,1.0,0.0,12.515,52.6,0.0,4.0,36.0,2.0,7,75,70,200,HEK293,0.7864139706447196,10.311702527856525
1564,DOTAP,1.0,0.0,12.515,52.6,0.0,4.0,36.0,2.0,7,75,70,300,HEK293,0.7864139706447196,10.311702527856525
1628,DOTAP,1.0,0.0,12.515,52.6,0.0,4.0,36.0,2.0,9,5,50,75,HEK293,0.7948483345466533,10.408857965642898
1629,DOTAP,1.0,0.0,12.515,52.6,0.0,4.0,36.0,2.0,9,5,50,200,HEK293,0.7948483345466533,10.408857965642898
1630,DOTAP,1.0,0.0,12.515,52.6,0.0,4.0,36.0,2.0,9,5,50,300,HEK293,0.7948483345466533,10.408857965642898
1631,DOTAP,1.0,0.0,12.515,52.6,0.0,4.0,36.0,2.0,9,5,50,400,HEK293,0.8064496275611577,10.542493259876975
1634,DOTAP,1.0,0.0,12.515,52.6,0.0,4.0,36.0,2.0,9,5,70,75,HEK293,0.7456467926195595,9.842105404184705
1635,DOTAP,1.0,0.0,12.515,52.6,0.0,4.0,36.0,2.0,9,5,70,200,HEK293,0.7456467926195595,9.842105404184705
1636,DOTAP,1.0,0.0,12.515,52.6,0.0,4.0,36.0,2.0,9,5,70,300,HEK293,0.7456467926195595,9.842105404184705
1637,DOTAP,1.0,0.0,12.515,52.6,0.0,4.0,36.0,2.0,9,5,70,400,HEK293,0.8277241538707112,10.787554528436722
1652,DOTAP,1.0,0.0,12.515,52.6,0.0,4.0,36.0,2.0,9,30,70,75,HEK293,0.7269549304072274,9.626793843360852
1653,DOTAP,1.0,0.0,12.515,52.6,0.0,4.0,36.0,2.0,9,30,70,200,HEK293,0.7269549304072274,9.626793843360852
1654,DOTAP,1.0,0.0,12.515,52.6,0.0,4.0,36.0,2.0,9,30,70,300,HEK293,0.7269549304072274,9.626793843360852
1655,DOTAP,1.0,0.0,12.515,52.6,0.0,4.0,36.0,2.0,9,30,70,400,HEK293,0.7494524520665923,9.885942795355076
1670,DOTAP,1.0,0.0,12.515,52.6,0.0,4.0,36.0,2.0,9,75,70,75,HEK293,0.7864139706447196,10.311702527856525
1671,DOTAP,1.0,0.0,12.515,52.6,0.0,4.0,36.0,2.0,9,75,70,200,HEK293,0.7864139706447196,10.311702527856525
1672,DOTAP,1.0,0.0,12.515,52.6,0.0,4.0,36.0,2.0,9,75,70,300,HEK293,0.7864139706447196,10.311702527856525
1736,DOTAP,1.0,0.0,12.515,52.6,0.0,4.0,36.0,2.0,10,5,50,75,HEK293,0.7948483345466533,10.408857965642898
1737,DOTAP,1.0,0.0,12.515,52.6,0.0,4.0,36.0,2.0,10,5,50,200,HEK293,0.7948483345466533,10.408857965642898
1738,DOTAP,1.0,0.0,12.515,52.6,0.0,4.0,36.0,2.0,10,5,50,300,HEK293,0.7948483345466533,10.408857965642898
1739,DOTAP,1.0,0.0,12.515,52.6,0.0,4.0,36.0,2.0,10,5,50,400,HEK293,0.8064496275611577,10.542493259876975
1742,DOTAP,1.0,0.0,12.515,52.6,0.0,4.0,36.0,2.0,10,5,70,75,HEK293,0.7456467926195595,9.842105404184705
1743,DOTAP,1.0,0.0,12.515,52.6,0.0,4.0,36.0,2.0,10,5,70,200,HEK293,0.7456467926195595,9.842105404184705
1744,DOTAP,1.0,0.0,12.515,52.6,0.0,4.0,36.0,2.0,10,5,70,300,HEK293,0.7456467926195595,9.842105404184705
1745,DOTAP,1.0,0.0,12.515,52.6,0.0,4.0,36.0,2.0,10,5,70,400,HEK293,0.8277241538707112,10.787554528436722
1760,DOTAP,1.0,0.0,12.515,52.6,0.0,4.0,36.0,2.0,10,30,70,75,HEK293,0.7269549304072274,9.626793843360852
1761,DOTAP,1.0,0.0,12.515,52.6,0.0,4.0,36.0,2.0,10,30,70,200,HEK293,0.7269549304072274,9.626793843360852
1762,DOTAP,1.0,0.0,12.515,52.6,0.0,4.0,36.0,2.0,10,30,70,300,HEK293,0.7269549304072274,9.626793843360852
1763,DOTAP,1.0,0.0,12.515,52.6,0.0,4.0,36.0,2.0,10,30,70,400,HEK293,0.7494524520665923,9.885942795355076
1778,DOTAP,1.0,0.0,12.515,52.6,0.0,4.0,36.0,2.0,10,75,70,75,HEK293,0.7864139706447196,10.311702527856525
1779,DOTAP,1.0,0.0,12.515,52.6,0.0,4.0,36.0,2.0,10,75,70,200,HEK293,0.7864139706447196,10.311702527856525
1780,DOTAP,1.0,0.0,12.515,52.6,0.0,4.0,36.0,2.0,10,75,70,300,HEK293,0.7864139706447196,10.311702527856525
1842,DOTAP,1.0,0.0,12.515,52.6,0.0,4.0,36.0,2.0,11,5,50,25,HEK293,0.7166710324103325,9.50833362233462
1843,DOTAP,1.0,0.0,12.515,52.6,0.0,4.0,36.0,2.0,11,5,50,50,HEK293,0.7166710324103325,9.50833362233462
1844,DOTAP,1.0,0.0,12.515,52.6,0.0,4.0,36.0,2.0,11,5,50,75,HEK293,0.77613458634506,10.193294300108747
1845,DOTAP,1.0,0.0,12.515,52.6,0.0,4.0,36.0,2.0,11,5,50,200,HEK293,0.77613458634506,10.193294300108747
1846,DOTAP,1.0,0.0,12.515,52.6,0.0,4.0,36.0,2.0,11,5,50,300,HEK293,0.77613458634506,10.193294300108747
1847,DOTAP,1.0,0.0,12.515,52.6,0.0,4.0,36.0,2.0,11,5,50,400,HEK293,0.75703198331041,9.973251415752612
1848,DOTAP,1.0,0.0,12.515,52.6,0.0,4.0,36.0,2.0,11,5,70,25,HEK293,0.7081454578925358,9.41012752946412
1849,DOTAP,1.0,0.0,12.515,52.6,0.0,4.0,36.0,2.0,11,5,70,50,HEK293,0.7081454578925358,9.41012752946412
1850,DOTAP,1.0,0.0,12.515,52.6,0.0,4.0,36.0,2.0,11,5,70,75,HEK293,0.743794757683857,9.820771813760349
1851,DOTAP,1.0,0.0,12.515,52.6,0.0,4.0,36.0,2.0,11,5,70,200,HEK293,0.743794757683857,9.820771813760349
1852,DOTAP,1.0,0.0,12.515,52.6,0.0,4.0,36.0,2.0,11,5,70,300,HEK293,0.743794757683857,9.820771813760349
1853,DOTAP,1.0,0.0,12.515,52.6,0.0,4.0,36.0,2.0,11,5,70,400,HEK293,0.7652386868824422,10.067784434198852
1866,DOTAP,1.0,0.0,12.515,52.6,0.0,4.0,36.0,2.0,11,30,70,25,HEK293,0.7105090060295726,9.437353240454646
1867,DOTAP,1.0,0.0,12.515,52.6,0.0,4.0,36.0,2.0,11,30,70,50,HEK293,0.7105090060295726,9.437353240454646
1868,DOTAP,1.0,0.0,12.515,52.6,0.0,4.0,36.0,2.0,11,30,70,75,HEK293,0.7679398144732629,10.098898722917514
1869,DOTAP,1.0,0.0,12.515,52.6,0.0,4.0,36.0,2.0,11,30,70,200,HEK293,0.7679398144732629,10.098898722917514
1870,DOTAP,1.0,0.0,12.515,52.6,0.0,4.0,36.0,2.0,11,30,70,300,HEK293,0.7679398144732629,10.098898722917514
1871,DOTAP,1.0,0.0,12.515,52.6,0.0,4.0,36.0,2.0,11,30,70,400,HEK293,0.7667034629430198,10.084657189640645
1886,DOTAP,1.0,0.0,12.515,52.6,0.0,4.0,36.0,2.0,11,75,70,75,HEK293,0.754768104480305,9.947173795508633
1887,DOTAP,1.0,0.0,12.515,52.6,0.0,4.0,36.0,2.0,11,75,70,200,HEK293,0.754768104480305,9.947173795508633
1888,DOTAP,1.0,0.0,12.515,52.6,0.0,4.0,36.0,2.0,11,75,70,300,HEK293,0.754768104480305,9.947173795508633
1904,DOTAP,1.0,0.0,12.515,52.6,0.0,4.0,36.0,2.0,11,125,70,75,HEK293,0.7138772414489207,9.476151944250118
1905,DOTAP,1.0,0.0,12.515,52.6,0.0,4.0,36.0,2.0,11,125,70,200,HEK293,0.7138772414489207,9.476151944250118
1906,DOTAP,1.0,0.0,12.515,52.6,0.0,4.0,36.0,2.0,11,125,70,300,HEK293,0.7138772414489207,9.476151944250118
1922,DOTAP,1.0,0.0,12.515,52.6,0.0,4.0,36.0,2.0,11,150,70,75,HEK293,0.7138772414489207,9.476151944250118
1923,DOTAP,1.0,0.0,12.515,52.6,0.0,4.0,36.0,2.0,11,150,70,200,HEK293,0.7138772414489207,9.476151944250118
1924,DOTAP,1.0,0.0,12.515,52.6,0.0,4.0,36.0,2.0,11,150,70,300,HEK293,0.7138772414489207,9.476151944250118
1940,DOTAP,1.0,0.0,12.515,52.6,0.0,4.0,36.0,2.0,11,175,70,75,HEK293,0.7404243299160135,9.781947856302558
1941,DOTAP,1.0,0.0,12.515,52.6,0.0,4.0,36.0,2.0,11,175,70,200,HEK293,0.7404243299160135,9.781947856302558
1942,DOTAP,1.0,0.0,12.515,52.6,0.0,4.0,36.0,2.0,11,175,70,300,HEK293,0.7404243299160135,9.781947856302558
1976,DSPC,1.0,1.0,6.12,111.0,0.0,8.0,36.0,0.0,5,30,70,75,HEK293,0.7067517815916294,9.394073772153979
1977,DSPC,1.0,1.0,6.12,111.0,0.0,8.0,36.0,0.0,5,30,70,200,HEK293,0.7067517815916294,9.394073772153979
1978,DSPC,1.0,1.0,6.12,111.0,0.0,8.0,36.0,0.0,5,30,70,300,HEK293,0.7067517815916294,9.394073772153979
2084,DSPC,1.0,1.0,6.12,111.0,0.0,8.0,36.0,0.0,6,30,70,75,HEK293,0.7067517815916294,9.394073772153979
2085,DSPC,1.0,1.0,6.12,111.0,0.0,8.0,36.0,0.0,6,30,70,200,HEK293,0.7067517815916294,9.394073772153979
2086,DSPC,1.0,1.0,6.12,111.0,0.0,8.0,36.0,0.0,6,30,70,300,HEK293,0.7067517815916294,9.394073772153979
2190,DSPC,1.0,1.0,6.12,111.0,0.0,8.0,36.0,0.0,7,30,70,25,HEK293,0.7337762295358472,9.705368388023423
2191,DSPC,1.0,1.0,6.12,111.0,0.0,8.0,36.0,0.0,7,30,70,50,HEK293,0.7337762295358472,9.705368388023423
2192,DSPC,1.0,1.0,6.12,111.0,0.0,8.0,36.0,0.0,7,30,70,75,HEK293,0.8159984287257495,10.652485900491907
2193,DSPC,1.0,1.0,6.12,111.0,0.0,8.0,36.0,0.0,7,30,70,200,HEK293,0.8159984287257495,10.652485900491907
2194,DSPC,1.0,1.0,6.12,111.0,0.0,8.0,36.0,0.0,7,30,70,300,HEK293,0.8159984287257495,10.652485900491907
2298,DSPC,1.0,1.0,6.12,111.0,0.0,8.0,36.0,0.0,9,30,70,25,HEK293,0.7337762295358472,9.705368388023423
2299,DSPC,1.0,1.0,6.12,111.0,0.0,8.0,36.0,0.0,9,30,70,50,HEK293,0.7337762295358472,9.705368388023423
2300,DSPC,1.0,1.0,6.12,111.0,0.0,8.0,36.0,0.0,9,30,70,75,HEK293,0.8159984287257495,10.652485900491907
2301,DSPC,1.0,1.0,6.12,111.0,0.0,8.0,36.0,0.0,9,30,70,200,HEK293,0.8159984287257495,10.652485900491907
2302,DSPC,1.0,1.0,6.12,111.0,0.0,8.0,36.0,0.0,9,30,70,300,HEK293,0.8159984287257495,10.652485900491907
2406,DSPC,1.0,1.0,6.12,111.0,0.0,8.0,36.0,0.0,10,30,70,25,HEK293,0.7337762295358472,9.705368388023423
2407,DSPC,1.0,1.0,6.12,111.0,0.0,8.0,36.0,0.0,10,30,70,50,HEK293,0.7337762295358472,9.705368388023423
2408,DSPC,1.0,1.0,6.12,111.0,0.0,8.0,36.0,0.0,10,30,70,75,HEK293,0.8159984287257495,10.652485900491907
2409,DSPC,1.0,1.0,6.12,111.0,0.0,8.0,36.0,0.0,10,30,70,200,HEK293,0.8159984287257495,10.652485900491907
2410,DSPC,1.0,1.0,6.12,111.0,0.0,8.0,36.0,0.0,10,30,70,300,HEK293,0.8159984287257495,10.652485900491907
2510,DSPC,1.0,1.0,6.12,111.0,0.0,8.0,36.0,0.0,11,30,50,75,HEK293,0.7177700267196986,9.520992937784207
2511,DSPC,1.0,1.0,6.12,111.0,0.0,8.0,36.0,0.0,11,30,50,200,HEK293,0.7177700267196986,9.520992937784207
2512,DSPC,1.0,1.0,6.12,111.0,0.0,8.0,36.0,0.0,11,30,50,300,HEK293,0.7177700267196986,9.520992937784207
2514,DSPC,1.0,1.0,6.12,111.0,0.0,8.0,36.0,0.0,11,30,70,25,HEK293,0.7170067064135665,9.512200251177871
2515,DSPC,1.0,1.0,6.12,111.0,0.0,8.0,36.0,0.0,11,30,70,50,HEK293,0.7170067064135665,9.512200251177871
2516,DSPC,1.0,1.0,6.12,111.0,0.0,8.0,36.0,0.0,11,30,70,75,HEK293,0.7698181624565814,10.120535413337361
2517,DSPC,1.0,1.0,6.12,111.0,0.0,8.0,36.0,0.0,11,30,70,200,HEK293,0.7698181624565814,10.120535413337361
2518,DSPC,1.0,1.0,6.12,111.0,0.0,8.0,36.0,0.0,11,30,70,300,HEK293,0.7698181624565814,10.120535413337361
2519,DSPC,1.0,1.0,6.12,111.0,0.0,8.0,36.0,0.0,11,30,70,400,HEK293,0.710859046976445,9.44138536212167
2534,DSPC,1.0,1.0,6.12,111.0,0.0,8.0,36.0,0.0,11,75,70,75,HEK293,0.7403158992714588,9.780698843707933
2535,DSPC,1.0,1.0,6.12,111.0,0.0,8.0,36.0,0.0,11,75,70,200,HEK293,0.7403158992714588,9.780698843707933
2536,DSPC,1.0,1.0,6.12,111.0,0.0,8.0,36.0,0.0,11,75,70,300,HEK293,0.7403158992714588,9.780698843707933
2552,DSPC,1.0,1.0,6.12,111.0,0.0,8.0,36.0,0.0,11,125,70,75,HEK293,0.7422277427472634,9.802721368705727
2553,DSPC,1.0,1.0,6.12,111.0,0.0,8.0,36.0,0.0,11,125,70,200,HEK293,0.7422277427472634,9.802721368705727
2554,DSPC,1.0,1.0,6.12,111.0,0.0,8.0,36.0,0.0,11,125,70,300,HEK293,0.7422277427472634,9.802721368705727
2570,DSPC,1.0,1.0,6.12,111.0,0.0,8.0,36.0,0.0,11,150,70,75,HEK293,0.7422277427472634,9.802721368705727
2571,DSPC,1.0,1.0,6.12,111.0,0.0,8.0,36.0,0.0,11,150,70,200,HEK293,0.7422277427472634,9.802721368705727
2572,DSPC,1.0,1.0,6.12,111.0,0.0,8.0,36.0,0.0,11,150,70,300,HEK293,0.7422277427472634,9.802721368705727
2588,DSPC,1.0,1.0,6.12,111.0,0.0,8.0,36.0,0.0,11,175,70,75,HEK293,0.7540063948067369,9.938399661778803
2589,DSPC,1.0,1.0,6.12,111.0,0.0,8.0,36.0,0.0,11,175,70,200,HEK293,0.7540063948067369,9.938399661778803
2590,DSPC,1.0,1.0,6.12,111.0,0.0,8.0,36.0,0.0,11,175,70,300,HEK293,0.7540063948067369,9.938399661778803
2606,14PA,0.0,1.0,11.8502,119.0,2.0,8.0,28.0,0.0,5,5,70,75,HEK293,0.7540742356591569,9.939181120557828
2607,14PA,0.0,1.0,11.8502,119.0,2.0,8.0,28.0,0.0,5,5,70,200,HEK293,0.7540742356591569,9.939181120557828
2608,14PA,0.0,1.0,11.8502,119.0,2.0,8.0,28.0,0.0,5,5,70,300,HEK293,0.7540742356591569,9.939181120557828
2618,14PA,0.0,1.0,11.8502,119.0,2.0,8.0,28.0,0.0,5,30,50,75,HEK293,0.7038665212675471,9.360838458480876
2619,14PA,0.0,1.0,11.8502,119.0,2.0,8.0,28.0,0.0,5,30,50,200,HEK293,0.7038665212675471,9.360838458480876
2620,14PA,0.0,1.0,11.8502,119.0,2.0,8.0,28.0,0.0,5,30,50,300,HEK293,0.7038665212675471,9.360838458480876
2624,14PA,0.0,1.0,11.8502,119.0,2.0,8.0,28.0,0.0,5,30,70,75,HEK293,0.7473794027156722,9.862063339881827
2625,14PA,0.0,1.0,11.8502,119.0,2.0,8.0,28.0,0.0,5,30,70,200,HEK293,0.7473794027156722,9.862063339881827
2626,14PA,0.0,1.0,11.8502,119.0,2.0,8.0,28.0,0.0,5,30,70,300,HEK293,0.7473794027156722,9.862063339881827
2642,14PA,0.0,1.0,11.8502,119.0,2.0,8.0,28.0,0.0,5,75,70,75,HEK293,0.7823183282625537,10.264524823256355
2643,14PA,0.0,1.0,11.8502,119.0,2.0,8.0,28.0,0.0,5,75,70,200,HEK293,0.7823183282625537,10.264524823256355
2644,14PA,0.0,1.0,11.8502,119.0,2.0,8.0,28.0,0.0,5,75,70,300,HEK293,0.7823183282625537,10.264524823256355
2660,14PA,0.0,1.0,11.8502,119.0,2.0,8.0,28.0,0.0,5,125,70,75,HEK293,0.763467488308172,10.047381997821834
2661,14PA,0.0,1.0,11.8502,119.0,2.0,8.0,28.0,0.0,5,125,70,200,HEK293,0.763467488308172,10.047381997821834
2662,14PA,0.0,1.0,11.8502,119.0,2.0,8.0,28.0,0.0,5,125,70,300,HEK293,0.763467488308172,10.047381997821834
2678,14PA,0.0,1.0,11.8502,119.0,2.0,8.0,28.0,0.0,5,150,70,75,HEK293,0.763467488308172,10.047381997821834
2679,14PA,0.0,1.0,11.8502,119.0,2.0,8.0,28.0,0.0,5,150,70,200,HEK293,0.763467488308172,10.047381997821834
2680,14PA,0.0,1.0,11.8502,119.0,2.0,8.0,28.0,0.0,5,150,70,300,HEK293,0.763467488308172,10.047381997821834
2714,14PA,0.0,1.0,11.8502,119.0,2.0,8.0,28.0,0.0,6,5,70,75,HEK293,0.7540742356591569,9.939181120557828
2715,14PA,0.0,1.0,11.8502,119.0,2.0,8.0,28.0,0.0,6,5,70,200,HEK293,0.7540742356591569,9.939181120557828
2716,14PA,0.0,1.0,11.8502,119.0,2.0,8.0,28.0,0.0,6,5,70,300,HEK293,0.7540742356591569,9.939181120557828
2726,14PA,0.0,1.0,11.8502,119.0,2.0,8.0,28.0,0.0,6,30,50,75,HEK293,0.7038665212675471,9.360838458480876
2727,14PA,0.0,1.0,11.8502,119.0,2.0,8.0,28.0,0.0,6,30,50,200,HEK293,0.7038665212675471,9.360838458480876
2728,14PA,0.0,1.0,11.8502,119.0,2.0,8.0,28.0,0.0,6,30,50,300,HEK293,0.7038665212675471,9.360838458480876
2732,14PA,0.0,1.0,11.8502,119.0,2.0,8.0,28.0,0.0,6,30,70,75,HEK293,0.7473794027156722,9.862063339881827
2733,14PA,0.0,1.0,11.8502,119.0,2.0,8.0,28.0,0.0,6,30,70,200,HEK293,0.7473794027156722,9.862063339881827
2734,14PA,0.0,1.0,11.8502,119.0,2.0,8.0,28.0,0.0,6,30,70,300,HEK293,0.7473794027156722,9.862063339881827
2750,14PA,0.0,1.0,11.8502,119.0,2.0,8.0,28.0,0.0,6,75,70,75,HEK293,0.7823183282625537,10.264524823256355
2751,14PA,0.0,1.0,11.8502,119.0,2.0,8.0,28.0,0.0,6,75,70,200,HEK293,0.7823183282625537,10.264524823256355
2752,14PA,0.0,1.0,11.8502,119.0,2.0,8.0,28.0,0.0,6,75,70,300,HEK293,0.7823183282625537,10.264524823256355
2768,14PA,0.0,1.0,11.8502,119.0,2.0,8.0,28.0,0.0,6,125,70,75,HEK293,0.763467488308172,10.047381997821834
2769,14PA,0.0,1.0,11.8502,119.0,2.0,8.0,28.0,0.0,6,125,70,200,HEK293,0.763467488308172,10.047381997821834
2770,14PA,0.0,1.0,11.8502,119.0,2.0,8.0,28.0,0.0,6,125,70,300,HEK293,0.763467488308172,10.047381997821834
2786,14PA,0.0,1.0,11.8502,119.0,2.0,8.0,28.0,0.0,6,150,70,75,HEK293,0.763467488308172,10.047381997821834
2787,14PA,0.0,1.0,11.8502,119.0,2.0,8.0,28.0,0.0,6,150,70,200,HEK293,0.763467488308172,10.047381997821834
2788,14PA,0.0,1.0,11.8502,119.0,2.0,8.0,28.0,0.0,6,150,70,300,HEK293,0.763467488308172,10.047381997821834
2840,14PA,0.0,1.0,11.8502,119.0,2.0,8.0,28.0,0.0,7,30,70,75,HEK293,0.7014678760031433,9.333208463680208
2841,14PA,0.0,1.0,11.8502,119.0,2.0,8.0,28.0,0.0,7,30,70,200,HEK293,0.7014678760031433,9.333208463680208
2842,14PA,0.0,1.0,11.8502,119.0,2.0,8.0,28.0,0.0,7,30,70,300,HEK293,0.7014678760031433,9.333208463680208
2858,14PA,0.0,1.0,11.8502,119.0,2.0,8.0,28.0,0.0,7,75,70,75,HEK293,0.77804472117794,10.21529714324869
2859,14PA,0.0,1.0,11.8502,119.0,2.0,8.0,28.0,0.0,7,75,70,200,HEK293,0.77804472117794,10.21529714324869
2860,14PA,0.0,1.0,11.8502,119.0,2.0,8.0,28.0,0.0,7,75,70,300,HEK293,0.77804472117794,10.21529714324869
2876,14PA,0.0,1.0,11.8502,119.0,2.0,8.0,28.0,0.0,7,125,70,75,HEK293,0.750952679632518,9.903223916686974
2877,14PA,0.0,1.0,11.8502,119.0,2.0,8.0,28.0,0.0,7,125,70,200,HEK293,0.750952679632518,9.903223916686974
2878,14PA,0.0,1.0,11.8502,119.0,2.0,8.0,28.0,0.0,7,125,70,300,HEK293,0.750952679632518,9.903223916686974
2894,14PA,0.0,1.0,11.8502,119.0,2.0,8.0,28.0,0.0,7,150,70,75,HEK293,0.750952679632518,9.903223916686974
2895,14PA,0.0,1.0,11.8502,119.0,2.0,8.0,28.0,0.0,7,150,70,200,HEK293,0.750952679632518,9.903223916686974
2896,14PA,0.0,1.0,11.8502,119.0,2.0,8.0,28.0,0.0,7,150,70,300,HEK293,0.750952679632518,9.903223916686974
2912,14PA,0.0,1.0,11.8502,119.0,2.0,8.0,28.0,0.0,7,175,70,75,HEK293,0.7470948042213031,9.85878504982519
2913,14PA,0.0,1.0,11.8502,119.0,2.0,8.0,28.0,0.0,7,175,70,200,HEK293,0.7470948042213031,9.85878504982519
2914,14PA,0.0,1.0,11.8502,119.0,2.0,8.0,28.0,0.0,7,175,70,300,HEK293,0.7470948042213031,9.85878504982519
2948,14PA,0.0,1.0,11.8502,119.0,2.0,8.0,28.0,0.0,9,30,70,75,HEK293,0.7014678760031433,9.333208463680208
2949,14PA,0.0,1.0,11.8502,119.0,2.0,8.0,28.0,0.0,9,30,70,200,HEK293,0.7014678760031433,9.333208463680208
2950,14PA,0.0,1.0,11.8502,119.0,2.0,8.0,28.0,0.0,9,30,70,300,HEK293,0.7014678760031433,9.333208463680208
2966,14PA,0.0,1.0,11.8502,119.0,2.0,8.0,28.0,0.0,9,75,70,75,HEK293,0.77804472117794,10.21529714324869
2967,14PA,0.0,1.0,11.8502,119.0,2.0,8.0,28.0,0.0,9,75,70,200,HEK293,0.77804472117794,10.21529714324869
2968,14PA,0.0,1.0,11.8502,119.0,2.0,8.0,28.0,0.0,9,75,70,300,HEK293,0.77804472117794,10.21529714324869
2984,14PA,0.0,1.0,11.8502,119.0,2.0,8.0,28.0,0.0,9,125,70,75,HEK293,0.750952679632518,9.903223916686974
2985,14PA,0.0,1.0,11.8502,119.0,2.0,8.0,28.0,0.0,9,125,70,200,HEK293,0.750952679632518,9.903223916686974
2986,14PA,0.0,1.0,11.8502,119.0,2.0,8.0,28.0,0.0,9,125,70,300,HEK293,0.750952679632518,9.903223916686974
3002,14PA,0.0,1.0,11.8502,119.0,2.0,8.0,28.0,0.0,9,150,70,75,HEK293,0.750952679632518,9.903223916686974
3003,14PA,0.0,1.0,11.8502,119.0,2.0,8.0,28.0,0.0,9,150,70,200,HEK293,0.750952679632518,9.903223916686974
3004,14PA,0.0,1.0,11.8502,119.0,2.0,8.0,28.0,0.0,9,150,70,300,HEK293,0.750952679632518,9.903223916686974
3020,14PA,0.0,1.0,11.8502,119.0,2.0,8.0,28.0,0.0,9,175,70,75,HEK293,0.7470948042213031,9.85878504982519
3021,14PA,0.0,1.0,11.8502,119.0,2.0,8.0,28.0,0.0,9,175,70,200,HEK293,0.7470948042213031,9.85878504982519
3022,14PA,0.0,1.0,11.8502,119.0,2.0,8.0,28.0,0.0,9,175,70,300,HEK293,0.7470948042213031,9.85878504982519
3056,14PA,0.0,1.0,11.8502,119.0,2.0,8.0,28.0,0.0,10,30,70,75,HEK293,0.7014678760031433,9.333208463680208
3057,14PA,0.0,1.0,11.8502,119.0,2.0,8.0,28.0,0.0,10,30,70,200,HEK293,0.7014678760031433,9.333208463680208
3058,14PA,0.0,1.0,11.8502,119.0,2.0,8.0,28.0,0.0,10,30,70,300,HEK293,0.7014678760031433,9.333208463680208
3074,14PA,0.0,1.0,11.8502,119.0,2.0,8.0,28.0,0.0,10,75,70,75,HEK293,0.77804472117794,10.21529714324869
3075,14PA,0.0,1.0,11.8502,119.0,2.0,8.0,28.0,0.0,10,75,70,200,HEK293,0.77804472117794,10.21529714324869
3076,14PA,0.0,1.0,11.8502,119.0,2.0,8.0,28.0,0.0,10,75,70,300,HEK293,0.77804472117794,10.21529714324869
3092,14PA,0.0,1.0,11.8502,119.0,2.0,8.0,28.0,0.0,10,125,70,75,HEK293,0.750952679632518,9.903223916686974
3093,14PA,0.0,1.0,11.8502,119.0,2.0,8.0,28.0,0.0,10,125,70,200,HEK293,0.750952679632518,9.903223916686974
3094,14PA,0.0,1.0,11.8502,119.0,2.0,8.0,28.0,0.0,10,125,70,300,HEK293,0.750952679632518,9.903223916686974
3110,14PA,0.0,1.0,11.8502,119.0,2.0,8.0,28.0,0.0,10,150,70,75,HEK293,0.750952679632518,9.903223916686974
3111,14PA,0.0,1.0,11.8502,119.0,2.0,8.0,28.0,0.0,10,150,70,200,HEK293,0.750952679632518,9.903223916686974
3112,14PA,0.0,1.0,11.8502,119.0,2.0,8.0,28.0,0.0,10,150,70,300,HEK293,0.750952679632518,9.903223916686974
3128,14PA,0.0,1.0,11.8502,119.0,2.0,8.0,28.0,0.0,10,175,70,75,HEK293,0.7470948042213031,9.85878504982519
3129,14PA,0.0,1.0,11.8502,119.0,2.0,8.0,28.0,0.0,10,175,70,200,HEK293,0.7470948042213031,9.85878504982519
3130,14PA,0.0,1.0,11.8502,119.0,2.0,8.0,28.0,0.0,10,175,70,300,HEK293,0.7470948042213031,9.85878504982519
3164,14PA,0.0,1.0,11.8502,119.0,2.0,8.0,28.0,0.0,11,30,70,75,HEK293,0.721405418291308,9.562869013297577
3165,14PA,0.0,1.0,11.8502,119.0,2.0,8.0,28.0,0.0,11,30,70,200,HEK293,0.721405418291308,9.562869013297577
3166,14PA,0.0,1.0,11.8502,119.0,2.0,8.0,28.0,0.0,11,30,70,300,HEK293,0.721405418291308,9.562869013297577
3182,14PA,0.0,1.0,11.8502,119.0,2.0,8.0,28.0,0.0,11,75,70,75,HEK293,0.8147082668703799,10.637624526079906
3183,14PA,0.0,1.0,11.8502,119.0,2.0,8.0,28.0,0.0,11,75,70,200,HEK293,0.8147082668703799,10.637624526079906
3184,14PA,0.0,1.0,11.8502,119.0,2.0,8.0,28.0,0.0,11,75,70,300,HEK293,0.8147082668703799,10.637624526079906
3200,14PA,0.0,1.0,11.8502,119.0,2.0,8.0,28.0,0.0,11,125,70,75,HEK293,0.7654874740590092,10.070650213685727
3201,14PA,0.0,1.0,11.8502,119.0,2.0,8.0,28.0,0.0,11,125,70,200,HEK293,0.7654874740590092,10.070650213685727
3202,14PA,0.0,1.0,11.8502,119.0,2.0,8.0,28.0,0.0,11,125,70,300,HEK293,0.7654874740590092,10.070650213685727
3218,14PA,0.0,1.0,11.8502,119.0,2.0,8.0,28.0,0.0,11,150,70,75,HEK293,0.7654874740590092,10.070650213685727
3219,14PA,0.0,1.0,11.8502,119.0,2.0,8.0,28.0,0.0,11,150,70,200,HEK293,0.7654874740590092,10.070650213685727
3220,14PA,0.0,1.0,11.8502,119.0,2.0,8.0,28.0,0.0,11,150,70,300,HEK293,0.7654874740590092,10.070650213685727
3236,14PA,0.0,1.0,11.8502,119.0,2.0,8.0,28.0,0.0,11,175,70,75,HEK293,0.7860342828401768,10.307328904035996
3237,14PA,0.0,1.0,11.8502,119.0,2.0,8.0,28.0,0.0,11,175,70,200,HEK293,0.7860342828401768,10.307328904035996
3238,14PA,0.0,1.0,11.8502,119.0,2.0,8.0,28.0,0.0,11,175,70,300,HEK293,0.7860342828401768,10.307328904035996
3242,DDAB,1.0,0.0,12.73,0.0,0.0,0.0,36.0,0.0,5,5,30,75,HEK293,0.749116545599223,9.88207348875745
3243,DDAB,1.0,0.0,12.73,0.0,0.0,0.0,36.0,0.0,5,5,30,200,HEK293,0.749116545599223,9.88207348875745
3244,DDAB,1.0,0.0,12.73,0.0,0.0,0.0,36.0,0.0,5,5,30,300,HEK293,0.749116545599223,9.88207348875745
3245,DDAB,1.0,0.0,12.73,0.0,0.0,0.0,36.0,0.0,5,5,30,400,HEK293,0.7277830404108041,9.636332842492052
3248,DDAB,1.0,0.0,12.73,0.0,0.0,0.0,36.0,0.0,5,5,50,75,HEK293,0.8259012008139475,10.76655593217586
3249,DDAB,1.0,0.0,12.73,0.0,0.0,0.0,36.0,0.0,5,5,50,200,HEK293,0.8259012008139475,10.76655593217586
3250,DDAB,1.0,0.0,12.73,0.0,0.0,0.0,36.0,0.0,5,5,50,300,HEK293,0.8259012008139475,10.76655593217586
3251,DDAB,1.0,0.0,12.73,0.0,0.0,0.0,36.0,0.0,5,5,50,400,HEK293,0.7549343521019719,9.949088801862613
3254,DDAB,1.0,0.0,12.73,0.0,0.0,0.0,36.0,0.0,5,5,70,75,HEK293,0.7449301985921042,9.833850957582447
3255,DDAB,1.0,0.0,12.73,0.0,0.0,0.0,36.0,0.0,5,5,70,200,HEK293,0.7449301985921042,9.833850957582447
3256,DDAB,1.0,0.0,12.73,0.0,0.0,0.0,36.0,0.0,5,5,70,300,HEK293,0.7449301985921042,9.833850957582447
3257,DDAB,1.0,0.0,12.73,0.0,0.0,0.0,36.0,0.0,5,5,70,400,HEK293,0.7383209433701923,9.757718946681244
3266,DDAB,1.0,0.0,12.73,0.0,0.0,0.0,36.0,0.0,5,30,50,75,HEK293,0.8198736520825901,10.697124598339355
3267,DDAB,1.0,0.0,12.73,0.0,0.0,0.0,36.0,0.0,5,30,50,200,HEK293,0.8198736520825901,10.697124598339355
3268,DDAB,1.0,0.0,12.73,0.0,0.0,0.0,36.0,0.0,5,30,50,300,HEK293,0.8198736520825901,10.697124598339355
3270,DDAB,1.0,0.0,12.73,0.0,0.0,0.0,36.0,0.0,5,30,70,25,HEK293,0.7222399388628915,9.572481855761646
3271,DDAB,1.0,0.0,12.73,0.0,0.0,0.0,36.0,0.0,5,30,70,50,HEK293,0.7222399388628915,9.572481855761646
3272,DDAB,1.0,0.0,12.73,0.0,0.0,0.0,36.0,0.0,5,30,70,75,HEK293,0.9529966962523204,12.230568944130477
3273,DDAB,1.0,0.0,12.73,0.0,0.0,0.0,36.0,0.0,5,30,70,200,HEK293,0.9529966962523204,12.230568944130477
3274,DDAB,1.0,0.0,12.73,0.0,0.0,0.0,36.0,0.0,5,30,70,300,HEK293,0.9529966962523204,12.230568944130477
3284,DDAB,1.0,0.0,12.73,0.0,0.0,0.0,36.0,0.0,5,75,50,75,HEK293,0.7632065656574599,10.044376429808281
3285,DDAB,1.0,0.0,12.73,0.0,0.0,0.0,36.0,0.0,5,75,50,200,HEK293,0.7632065656574599,10.044376429808281
3286,DDAB,1.0,0.0,12.73,0.0,0.0,0.0,36.0,0.0,5,75,50,300,HEK293,0.7632065656574599,10.044376429808281
3290,DDAB,1.0,0.0,12.73,0.0,0.0,0.0,36.0,0.0,5,75,70,75,HEK293,0.8444863064700306,10.980637764228282
3291,DDAB,1.0,0.0,12.73,0.0,0.0,0.0,36.0,0.0,5,75,70,200,HEK293,0.8444863064700306,10.980637764228282
3292,DDAB,1.0,0.0,12.73,0.0,0.0,0.0,36.0,0.0,5,75,70,300,HEK293,0.8444863064700306,10.980637764228282
3338,DDAB,1.0,0.0,12.73,0.0,0.0,0.0,36.0,0.0,5,175,50,75,HEK293,0.7458777796359509,9.844766143626519
3339,DDAB,1.0,0.0,12.73,0.0,0.0,0.0,36.0,0.0,5,175,50,200,HEK293,0.7458777796359509,9.844766143626519
3340,DDAB,1.0,0.0,12.73,0.0,0.0,0.0,36.0,0.0,5,175,50,300,HEK293,0.7458777796359509,9.844766143626519
3344,DDAB,1.0,0.0,12.73,0.0,0.0,0.0,36.0,0.0,5,175,70,75,HEK293,0.7283476116373474,9.642836138450605
3345,DDAB,1.0,0.0,12.73,0.0,0.0,0.0,36.0,0.0,5,175,70,200,HEK293,0.7283476116373474,9.642836138450605
3346,DDAB,1.0,0.0,12.73,0.0,0.0,0.0,36.0,0.0,5,175,70,300,HEK293,0.7283476116373474,9.642836138450605
3347,DDAB,1.0,0.0,12.73,0.0,0.0,0.0,36.0,0.0,5,175,70,400,HEK293,0.7185686283954688,9.530192030487404
3350,DDAB,1.0,0.0,12.73,0.0,0.0,0.0,36.0,0.0,6,5,30,75,HEK293,0.749116545599223,9.88207348875745
3351,DDAB,1.0,0.0,12.73,0.0,0.0,0.0,36.0,0.0,6,5,30,200,HEK293,0.749116545599223,9.88207348875745
3352,DDAB,1.0,0.0,12.73,0.0,0.0,0.0,36.0,0.0,6,5,30,300,HEK293,0.749116545599223,9.88207348875745
3353,DDAB,1.0,0.0,12.73,0.0,0.0,0.0,36.0,0.0,6,5,30,400,HEK293,0.7277830404108041,9.636332842492052
3356,DDAB,1.0,0.0,12.73,0.0,0.0,0.0,36.0,0.0,6,5,50,75,HEK293,0.8259012008139475,10.76655593217586
3357,DDAB,1.0,0.0,12.73,0.0,0.0,0.0,36.0,0.0,6,5,50,200,HEK293,0.8259012008139475,10.76655593217586
3358,DDAB,1.0,0.0,12.73,0.0,0.0,0.0,36.0,0.0,6,5,50,300,HEK293,0.8259012008139475,10.76655593217586
3359,DDAB,1.0,0.0,12.73,0.0,0.0,0.0,36.0,0.0,6,5,50,400,HEK293,0.7549343521019719,9.949088801862613
3362,DDAB,1.0,0.0,12.73,0.0,0.0,0.0,36.0,0.0,6,5,70,75,HEK293,0.7449301985921042,9.833850957582447
3363,DDAB,1.0,0.0,12.73,0.0,0.0,0.0,36.0,0.0,6,5,70,200,HEK293,0.7449301985921042,9.833850957582447
3364,DDAB,1.0,0.0,12.73,0.0,0.0,0.0,36.0,0.0,6,5,70,300,HEK293,0.7449301985921042,9.833850957582447
3365,DDAB,1.0,0.0,12.73,0.0,0.0,0.0,36.0,0.0,6,5,70,400,HEK293,0.7383209433701923,9.757718946681244
3374,DDAB,1.0,0.0,12.73,0.0,0.0,0.0,36.0,0.0,6,30,50,75,HEK293,0.8198736520825901,10.697124598339355
3375,DDAB,1.0,0.0,12.73,0.0,0.0,0.0,36.0,0.0,6,30,50,200,HEK293,0.8198736520825901,10.697124598339355
3376,DDAB,1.0,0.0,12.73,0.0,0.0,0.0,36.0,0.0,6,30,50,300,HEK293,0.8198736520825901,10.697124598339355
3378,DDAB,1.0,0.0,12.73,0.0,0.0,0.0,36.0,0.0,6,30,70,25,HEK293,0.7222399388628915,9.572481855761646
3379,DDAB,1.0,0.0,12.73,0.0,0.0,0.0,36.0,0.0,6,30,70,50,HEK293,0.7222399388628915,9.572481855761646
3380,DDAB,1.0,0.0,12.73,0.0,0.0,0.0,36.0,0.0,6,30,70,75,HEK293,0.9529966962523204,12.230568944130477
3381,DDAB,1.0,0.0,12.73,0.0,0.0,0.0,36.0,0.0,6,30,70,200,HEK293,0.9529966962523204,12.230568944130477
3382,DDAB,1.0,0.0,12.73,0.0,0.0,0.0,36.0,0.0,6,30,70,300,HEK293,0.9529966962523204,12.230568944130477
3392,DDAB,1.0,0.0,12.73,0.0,0.0,0.0,36.0,0.0,6,75,50,75,HEK293,0.7632065656574599,10.044376429808281
3393,DDAB,1.0,0.0,12.73,0.0,0.0,0.0,36.0,0.0,6,75,50,200,HEK293,0.7632065656574599,10.044376429808281
3394,DDAB,1.0,0.0,12.73,0.0,0.0,0.0,36.0,0.0,6,75,50,300,HEK293,0.7632065656574599,10.044376429808281
3398,DDAB,1.0,0.0,12.73,0.0,0.0,0.0,36.0,0.0,6,75,70,75,HEK293,0.8444863064700306,10.980637764228282
3399,DDAB,1.0,0.0,12.73,0.0,0.0,0.0,36.0,0.0,6,75,70,200,HEK293,0.8444863064700306,10.980637764228282
3400,DDAB,1.0,0.0,12.73,0.0,0.0,0.0,36.0,0.0,6,75,70,300,HEK293,0.8444863064700306,10.980637764228282
3446,DDAB,1.0,0.0,12.73,0.0,0.0,0.0,36.0,0.0,6,175,50,75,HEK293,0.7458777796359509,9.844766143626519
3447,DDAB,1.0,0.0,12.73,0.0,0.0,0.0,36.0,0.0,6,175,50,200,HEK293,0.7458777796359509,9.844766143626519
3448,DDAB,1.0,0.0,12.73,0.0,0.0,0.0,36.0,0.0,6,175,50,300,HEK293,0.7458777796359509,9.844766143626519
3452,DDAB,1.0,0.0,12.73,0.0,0.0,0.0,36.0,0.0,6,175,70,75,HEK293,0.7283476116373474,9.642836138450605
3453,DDAB,1.0,0.0,12.73,0.0,0.0,0.0,36.0,0.0,6,175,70,200,HEK293,0.7283476116373474,9.642836138450605
3454,DDAB,1.0,0.0,12.73,0.0,0.0,0.0,36.0,0.0,6,175,70,300,HEK293,0.7283476116373474,9.642836138450605
3455,DDAB,1.0,0.0,12.73,0.0,0.0,0.0,36.0,0.0,6,175,70,400,HEK293,0.7185686283954688,9.530192030487404
3464,DDAB,1.0,0.0,12.73,0.0,0.0,0.0,36.0,0.0,7,5,50,75,HEK293,0.7387503632398934,9.762665434160333
3465,DDAB,1.0,0.0,12.73,0.0,0.0,0.0,36.0,0.0,7,5,50,200,HEK293,0.7387503632398934,9.762665434160333
3466,DDAB,1.0,0.0,12.73,0.0,0.0,0.0,36.0,0.0,7,5,50,300,HEK293,0.7387503632398934,9.762665434160333
3467,DDAB,1.0,0.0,12.73,0.0,0.0,0.0,36.0,0.0,7,5,50,400,HEK293,0.7307800707187955,9.670855634609804
3482,DDAB,1.0,0.0,12.73,0.0,0.0,0.0,36.0,0.0,7,30,50,75,HEK293,0.778772770780234,10.223683546617515
3483,DDAB,1.0,0.0,12.73,0.0,0.0,0.0,36.0,0.0,7,30,50,200,HEK293,0.778772770780234,10.223683546617515
3484,DDAB,1.0,0.0,12.73,0.0,0.0,0.0,36.0,0.0,7,30,50,300,HEK293,0.778772770780234,10.223683546617515
3486,DDAB,1.0,0.0,12.73,0.0,0.0,0.0,36.0,0.0,7,30,70,25,HEK293,0.7278175121547646,9.636729922510733
3487,DDAB,1.0,0.0,12.73,0.0,0.0,0.0,36.0,0.0,7,30,70,50,HEK293,0.7278175121547646,9.636729922510733
3488,DDAB,1.0,0.0,12.73,0.0,0.0,0.0,36.0,0.0,7,30,70,75,HEK293,0.8775509062436164,11.361508889020218
3489,DDAB,1.0,0.0,12.73,0.0,0.0,0.0,36.0,0.0,7,30,70,200,HEK293,0.8775509062436164,11.361508889020218
3490,DDAB,1.0,0.0,12.73,0.0,0.0,0.0,36.0,0.0,7,30,70,300,HEK293,0.8775509062436164,11.361508889020218
3506,DDAB,1.0,0.0,12.73,0.0,0.0,0.0,36.0,0.0,7,75,70,75,HEK293,0.7641756177264835,10.055538940591363
3507,DDAB,1.0,0.0,12.73,0.0,0.0,0.0,36.0,0.0,7,75,70,200,HEK293,0.7641756177264835,10.055538940591363
3508,DDAB,1.0,0.0,12.73,0.0,0.0,0.0,36.0,0.0,7,75,70,300,HEK293,0.7641756177264835,10.055538940591363
3527,DDAB,1.0,0.0,12.73,0.0,0.0,0.0,36.0,0.0,7,125,70,400,HEK293,0.7688771245611132,10.109695597819464
3545,DDAB,1.0,0.0,12.73,0.0,0.0,0.0,36.0,0.0,7,150,70,400,HEK293,0.7688771245611132,10.109695597819464
3563,DDAB,1.0,0.0,12.73,0.0,0.0,0.0,36.0,0.0,7,175,70,400,HEK293,0.736943558755559,9.741852853305284
3572,DDAB,1.0,0.0,12.73,0.0,0.0,0.0,36.0,0.0,9,5,50,75,HEK293,0.7387503632398934,9.762665434160333
3573,DDAB,1.0,0.0,12.73,0.0,0.0,0.0,36.0,0.0,9,5,50,200,HEK293,0.7387503632398934,9.762665434160333
3574,DDAB,1.0,0.0,12.73,0.0,0.0,0.0,36.0,0.0,9,5,50,300,HEK293,0.7387503632398934,9.762665434160333
3575,DDAB,1.0,0.0,12.73,0.0,0.0,0.0,36.0,0.0,9,5,50,400,HEK293,0.7307800707187955,9.670855634609804
3590,DDAB,1.0,0.0,12.73,0.0,0.0,0.0,36.0,0.0,9,30,50,75,HEK293,0.778772770780234,10.223683546617515
3591,DDAB,1.0,0.0,12.73,0.0,0.0,0.0,36.0,0.0,9,30,50,200,HEK293,0.778772770780234,10.223683546617515
3592,DDAB,1.0,0.0,12.73,0.0,0.0,0.0,36.0,0.0,9,30,50,300,HEK293,0.778772770780234,10.223683546617515
3594,DDAB,1.0,0.0,12.73,0.0,0.0,0.0,36.0,0.0,9,30,70,25,HEK293,0.7278175121547646,9.636729922510733
3595,DDAB,1.0,0.0,12.73,0.0,0.0,0.0,36.0,0.0,9,30,70,50,HEK293,0.7278175121547646,9.636729922510733
3596,DDAB,1.0,0.0,12.73,0.0,0.0,0.0,36.0,0.0,9,30,70,75,HEK293,0.8775509062436164,11.361508889020218
3597,DDAB,1.0,0.0,12.73,0.0,0.0,0.0,36.0,0.0,9,30,70,200,HEK293,0.8775509062436164,11.361508889020218
3598,DDAB,1.0,0.0,12.73,0.0,0.0,0.0,36.0,0.0,9,30,70,300,HEK293,0.8775509062436164,11.361508889020218
3614,DDAB,1.0,0.0,12.73,0.0,0.0,0.0,36.0,0.0,9,75,70,75,HEK293,0.7641756177264835,10.055538940591363
3615,DDAB,1.0,0.0,12.73,0.0,0.0,0.0,36.0,0.0,9,75,70,200,HEK293,0.7641756177264835,10.055538940591363
3616,DDAB,1.0,0.0,12.73,0.0,0.0,0.0,36.0,0.0,9,75,70,300,HEK293,0.7641756177264835,10.055538940591363
3635,DDAB,1.0,0.0,12.73,0.0,0.0,0.0,36.0,0.0,9,125,70,400,HEK293,0.7688771245611132,10.109695597819464
3653,DDAB,1.0,0.0,12.73,0.0,0.0,0.0,36.0,0.0,9,150,70,400,HEK293,0.7688771245611132,10.109695597819464
3671,DDAB,1.0,0.0,12.73,0.0,0.0,0.0,36.0,0.0,9,175,70,400,HEK293,0.736943558755559,9.741852853305284
3680,DDAB,1.0,0.0,12.73,0.0,0.0,0.0,36.0,0.0,10,5,50,75,HEK293,0.7387503632398934,9.762665434160333
3681,DDAB,1.0,0.0,12.73,0.0,0.0,0.0,36.0,0.0,10,5,50,200,HEK293,0.7387503632398934,9.762665434160333
3682,DDAB,1.0,0.0,12.73,0.0,0.0,0.0,36.0,0.0,10,5,50,300,HEK293,0.7387503632398934,9.762665434160333
3683,DDAB,1.0,0.0,12.73,0.0,0.0,0.0,36.0,0.0,10,5,50,400,HEK293,0.7307800707187955,9.670855634609804
3698,DDAB,1.0,0.0,12.73,0.0,0.0,0.0,36.0,0.0,10,30,50,75,HEK293,0.778772770780234,10.223683546617515
3699,DDAB,1.0,0.0,12.73,0.0,0.0,0.0,36.0,0.0,10,30,50,200,HEK293,0.778772770780234,10.223683546617515
3700,DDAB,1.0,0.0,12.73,0.0,0.0,0.0,36.0,0.0,10,30,50,300,HEK293,0.778772770780234,10.223683546617515
3702,DDAB,1.0,0.0,12.73,0.0,0.0,0.0,36.0,0.0,10,30,70,25,HEK293,0.7278175121547646,9.636729922510733
3703,DDAB,1.0,0.0,12.73,0.0,0.0,0.0,36.0,0.0,10,30,70,50,HEK293,0.7278175121547646,9.636729922510733
3704,DDAB,1.0,0.0,12.73,0.0,0.0,0.0,36.0,0.0,10,30,70,75,HEK293,0.8775509062436164,11.361508889020218
3705,DDAB,1.0,0.0,12.73,0.0,0.0,0.0,36.0,0.0,10,30,70,200,HEK293,0.8775509062436164,11.361508889020218
3706,DDAB,1.0,0.0,12.73,0.0,0.0,0.0,36.0,0.0,10,30,70,300,HEK293,0.8775509062436164,11.361508889020218
3722,DDAB,1.0,0.0,12.73,0.0,0.0,0.0,36.0,0.0,10,75,70,75,HEK293,0.7641756177264835,10.055538940591363
3723,DDAB,1.0,0.0,12.73,0.0,0.0,0.0,36.0,0.0,10,75,70,200,HEK293,0.7641756177264835,10.055538940591363
3724,DDAB,1.0,0.0,12.73,0.0,0.0,0.0,36.0,0.0,10,75,70,300,HEK293,0.7641756177264835,10.055538940591363
3743,DDAB,1.0,0.0,12.73,0.0,0.0,0.0,36.0,0.0,10,125,70,400,HEK293,0.7688771245611132,10.109695597819464
3761,DDAB,1.0,0.0,12.73,0.0,0.0,0.0,36.0,0.0,10,150,70,400,HEK293,0.7688771245611132,10.109695597819464
3779,DDAB,1.0,0.0,12.73,0.0,0.0,0.0,36.0,0.0,10,175,70,400,HEK293,0.736943558755559,9.741852853305284
3788,DDAB,1.0,0.0,12.73,0.0,0.0,0.0,36.0,0.0,11,5,50,75,HEK293,0.7473648465407885,9.861895667303342
3789,DDAB,1.0,0.0,12.73,0.0,0.0,0.0,36.0,0.0,11,5,50,200,HEK293,0.7473648465407885,9.861895667303342
3790,DDAB,1.0,0.0,12.73,0.0,0.0,0.0,36.0,0.0,11,5,50,300,HEK293,0.7473648465407885,9.861895667303342
3806,DDAB,1.0,0.0,12.73,0.0,0.0,0.0,36.0,0.0,11,30,50,75,HEK293,0.8410417037040937,10.940959384967455
3807,DDAB,1.0,0.0,12.73,0.0,0.0,0.0,36.0,0.0,11,30,50,200,HEK293,0.8410417037040937,10.940959384967455
3808,DDAB,1.0,0.0,12.73,0.0,0.0,0.0,36.0,0.0,11,30,50,300,HEK293,0.8410417037040937,10.940959384967455
3810,DDAB,1.0,0.0,12.73,0.0,0.0,0.0,36.0,0.0,11,30,70,25,HEK293,0.76167976966929,10.02678926682055
3811,DDAB,1.0,0.0,12.73,0.0,0.0,0.0,36.0,0.0,11,30,70,50,HEK293,0.76167976966929,10.02678926682055
3812,DDAB,1.0,0.0,12.73,0.0,0.0,0.0,36.0,0.0,11,30,70,75,HEK293,0.8994782486545703,11.614089946251994
3813,DDAB,1.0,0.0,12.73,0.0,0.0,0.0,36.0,0.0,11,30,70,200,HEK293,0.8994782486545703,11.614089946251994
3814,DDAB,1.0,0.0,12.73,0.0,0.0,0.0,36.0,0.0,11,30,70,300,HEK293,0.8994782486545703,11.614089946251994
3815,DDAB,1.0,0.0,12.73,0.0,0.0,0.0,36.0,0.0,11,30,70,400,HEK293,0.7547514376253691,9.946981810006626
3824,DDAB,1.0,0.0,12.73,0.0,0.0,0.0,36.0,0.0,11,75,50,75,HEK293,0.7490729421775393,9.881571220943075
3825,DDAB,1.0,0.0,12.73,0.0,0.0,0.0,36.0,0.0,11,75,50,200,HEK293,0.7490729421775393,9.881571220943075
3826,DDAB,1.0,0.0,12.73,0.0,0.0,0.0,36.0,0.0,11,75,50,300,HEK293,0.7490729421775393,9.881571220943075
3830,DDAB,1.0,0.0,12.73,0.0,0.0,0.0,36.0,0.0,11,75,70,75,HEK293,0.8391272116400456,10.918906350881684
3831,DDAB,1.0,0.0,12.73,0.0,0.0,0.0,36.0,0.0,11,75,70,200,HEK293,0.8391272116400456,10.918906350881684
3832,DDAB,1.0,0.0,12.73,0.0,0.0,0.0,36.0,0.0,11,75,70,300,HEK293,0.8391272116400456,10.918906350881684
3833,DDAB,1.0,0.0,12.73,0.0,0.0,0.0,36.0,0.0,11,75,70,400,HEK293,0.8092559738282528,10.574819562527644
3845,DDAB,1.0,0.0,12.73,0.0,0.0,0.0,36.0,0.0,11,125,50,400,HEK293,0.766707065874918,10.08469869181318
3848,DDAB,1.0,0.0,12.73,0.0,0.0,0.0,36.0,0.0,11,125,70,75,HEK293,0.7389698063072325,9.76519319885301
3849,DDAB,1.0,0.0,12.73,0.0,0.0,0.0,36.0,0.0,11,125,70,200,HEK293,0.7389698063072325,9.76519319885301
3850,DDAB,1.0,0.0,12.73,0.0,0.0,0.0,36.0,0.0,11,125,70,300,HEK293,0.7389698063072325,9.76519319885301
3851,DDAB,1.0,0.0,12.73,0.0,0.0,0.0,36.0,0.0,11,125,70,400,HEK293,0.8740759656416589,11.321481048226268
3863,DDAB,1.0,0.0,12.73,0.0,0.0,0.0,36.0,0.0,11,150,50,400,HEK293,0.766707065874918,10.08469869181318
3866,DDAB,1.0,0.0,12.73,0.0,0.0,0.0,36.0,0.0,11,150,70,75,HEK293,0.7389698063072325,9.76519319885301
3867,DDAB,1.0,0.0,12.73,0.0,0.0,0.0,36.0,0.0,11,150,70,200,HEK293,0.7389698063072325,9.76519319885301
3868,DDAB,1.0,0.0,12.73,0.0,0.0,0.0,36.0,0.0,11,150,70,300,HEK293,0.7389698063072325,9.76519319885301
3869,DDAB,1.0,0.0,12.73,0.0,0.0,0.0,36.0,0.0,11,150,70,400,HEK293,0.8740759656416589,11.321481048226268
3878,DDAB,1.0,0.0,12.73,0.0,0.0,0.0,36.0,0.0,11,175,50,75,HEK293,0.7835544765501959,10.278764015381707
3879,DDAB,1.0,0.0,12.73,0.0,0.0,0.0,36.0,0.0,11,175,50,200,HEK293,0.7835544765501959,10.278764015381707
3880,DDAB,1.0,0.0,12.73,0.0,0.0,0.0,36.0,0.0,11,175,50,300,HEK293,0.7835544765501959,10.278764015381707
3881,DDAB,1.0,0.0,12.73,0.0,0.0,0.0,36.0,0.0,11,175,50,400,HEK293,0.825042114938278,10.756660121974024
3884,DDAB,1.0,0.0,12.73,0.0,0.0,0.0,36.0,0.0,11,175,70,75,HEK293,0.8223496442564557,10.725645552190114
3885,DDAB,1.0,0.0,12.73,0.0,0.0,0.0,36.0,0.0,11,175,70,200,HEK293,0.8223496442564557,10.725645552190114
3886,DDAB,1.0,0.0,12.73,0.0,0.0,0.0,36.0,0.0,11,175,70,300,HEK293,0.8223496442564557,10.725645552190114
3887,DDAB,1.0,0.0,12.73,0.0,0.0,0.0,36.0,0.0,11,175,70,400,HEK293,0.9106131788840226,11.742353207565055
